331.679
362.972
389.192
410.681
426.542
438.84
449.312
457.558
466.128
475.622
483.43
486.549
491.858
499.198
505.653
506.457
504.079
497.716
492.979
481.949
473.035
466.203
455.927
437.779
413.977
386.834
361.522
336.974
311.371
285.648
260.572
237.509
221.255
199.207
184.532
177.679
170.742
165.662
165.299
152.582
139.298
119.012
99.9644
80.5481
57.9481
41.3807
25.7298
8.65481
-9.00169
-27.1869
-42.05
-60.392
-89.5362
-126.032
-166.276
-200.08
-229.686
-266.001
-301.813
-331.261
-345.451
-363.379
-384.354
-416.668
-449.912
-480.463
-504.509
-528.096
-556.476
-584.299
-609.725
-636.382
-658.101
-676.003
-689.503
-688.425
-673.962
-660.274
-633.134
-606.624
-573.944
358.52
386.492
412.166
435.079
448.564
460.407
466.969
477.496
490.686
503.539
515.223
519.458
517.917
520.036
523.008
522.03
516.985
513.584
502.567
481.447
471.652
467.686
458.073
443.351
420.679
396.74
370.486
341.947
312.274
289.928
264.124
242.422
227.195
205.784
186.393
177.839
171.237
168.799
161.978
146.424
128.344
109.453
85.5944
62.2992
40.0759
23.3794
7.8697
-11.4918
-28.9806
-40.5889
-57.4071
-76.2766
-106.696
-143.178
-169.773
-195.124
-223.162
-255.173
-285.087
-313.067
-332.487
-352.06
-377.716
-408.725
-443.083
-471.59
-493.2
-520.688
-552.127
-584.053
-620.17
-647.947
-672.886
-694.132
-704.798
-703.944
-693.87
-676.958
-653.629
-625.81
-588.329
391.359
411.585
431.366
450.658
464.846
475.042
482.086
493.297
503.099
515.36
527.06
536.442
536.136
528.941
530.405
535.884
529.19
524.157
510.329
484.684
470.171
461.069
451.474
438.582
414.38
387.87
365.445
338.442
306.781
280.783
260.754
243.295
224.319
204.585
184.244
174.813
168.43
161.792
154.606
136.308
121.013
99.324
76.0837
49.2419
25.5914
10.79
-8.32598
-29.3415
-48.4003
-64.7282
-81.8804
-105.102
-133.293
-162.118
-181.062
-198.7
-222.751
-250.829
-272.103
-299.902
-322.114
-347.111
-372.521
-400.831
-435.7
-466.634
-489.11
-519.222
-552.236
-587.772
-628.335
-661.582
-688.742
-708.518
-718.73
-721.815
-708.822
-693.26
-671.491
-644.083
-611.658
415.919
436.635
450.296
465.559
478.978
490.435
498.084
506.234
510.437
518.802
531.68
540.373
536.4
536.06
533.352
531.059
528.305
521.105
505.77
484.981
468.323
453.874
442.334
425.671
395.374
368.636
349.124
325.075
296.433
273.839
255.064
236.799
222.325
199.799
182.306
170.949
162.307
153.448
139.599
124.098
111.762
90.65
64.8989
36.4894
14.8678
-0.72987
-19.735
-40.3644
-65.7422
-88.1617
-110.896
-137.141
-159.854
-181.692
-196.572
-211.688
-230.159
-247
-265.512
-287.648
-309.593
-335.752
-364.211
-392.13
-426.864
-461.648
-489.017
-519.172
-554.506
-591.867
-630.194
-665.067
-691.938
-713.926
-722.954
-725.109
-716.372
-703.666
-685.871
-659.057
-629.026
432.892
452.489
468.331
482.721
492.741
501.969
509.371
515.221
513.773
520.493
529.448
528.611
529.632
528.421
524.152
524.406
520.054
510.008
489.71
470.852
454.449
437.491
421.213
404.147
378.35
354.558
337.373
310.406
286.608
265.049
250.973
234.932
218.51
197.997
180.515
165.495
153.225
141.666
126.439
109.14
96.9286
79.0926
50.5705
27.2947
10.3027
-5.97696
-29.295
-51.6243
-75.247
-100.777
-133.638
-163.528
-182.279
-196.931
-207.741
-221.354
-234.037
-245.746
-260.732
-276.989
-298.688
-325.536
-354.425
-385.285
-416.99
-450.927
-481.349
-510.526
-550.744
-589.978
-625.507
-662.861
-685.684
-704.236
-720.61
-729.86
-723.237
-712.869
-696.972
-673.612
-644.499
440.788
463.484
478.681
490.124
500.122
510.793
517.812
518.283
518.106
520.815
523.202
519.393
517.154
515.455
510.53
509.609
506.242
493.32
471.536
447.129
427.088
416.2
402.7
385.618
365.221
343.168
321.188
292.395
266.719
248.699
239.924
232.738
214.375
198.444
184.055
162.655
148.928
135.734
116.367
95.5322
77.2829
62.4885
40.7193
19.0491
0.440689
-15.9176
-37.0815
-61.9264
-83.6716
-108.019
-143.5
-172.49
-190.529
-202.315
-212.892
-224.048
-232.243
-237.242
-250.21
-266.845
-287.432
-316.995
-351.663
-381.556
-412.27
-445.365
-475.735
-504.533
-546.863
-587.774
-622.621
-656.076
-683.37
-700.748
-713.327
-728.736
-729.245
-722.244
-711.745
-691.635
-662.785
448.628
471.051
484.261
489.758
497.501
511.377
517.535
515.396
514.771
515.577
512.841
504.845
499.966
497.662
492.789
487.792
484.277
470.117
443.569
420.113
401.483
391.712
380.92
367.524
353.076
330.59
305.315
278.773
251.72
235.187
226.515
220.065
211.27
200.873
183.831
159.089
141.727
125.697
108.381
85.3273
62.3466
47.4955
31.6615
11.3094
-11.6867
-30.7012
-55.1312
-78.5527
-97.3373
-117.387
-144.846
-169.623
-190.24
-200.843
-213.634
-222.097
-226.974
-227.809
-238.058
-257.127
-281.541
-312.244
-348.425
-380.186
-410.072
-443.687
-472.139
-503.237
-541.984
-580.462
-612.333
-645.322
-670.626
-691.118
-706.803
-721.395
-725.889
-724.161
-719.49
-700.887
-674.302
442.389
463.322
479.116
484.497
487.631
495.491
506.183
502.348
501.091
501.505
496.76
488.267
480.488
475.437
469.413
461.354
452.516
435.91
410.655
392.831
372.82
364.597
359.586
350.216
338.797
317.701
293.074
266.563
238.907
225.772
217.997
213.049
208.867
197.901
179.868
162.531
139.121
114.826
96.6243
81.2453
58.4003
40.191
25.2404
3.94486
-19.281
-41.5218
-65.0875
-84.571
-102.048
-118.842
-142.201
-167.055
-189.542
-199.815
-213.482
-221.625
-224.785
-224.619
-232.115
-255.098
-279.738
-310.892
-345.743
-379.939
-411.549
-439.166
-467.303
-498.274
-538.797
-574.944
-606.922
-635.349
-657.401
-682.025
-700.896
-712.772
-721.092
-722.003
-718.14
-703.588
-678.71
434.441
452.76
460.31
464.785
473.661
480.649
480.159
481.488
479.015
478.126
477.897
468.1
452.234
442.082
439.978
432.984
424.726
408.494
389.089
372.099
356.317
343.143
334.996
331.109
325.472
305.724
281.287
255.04
234.98
219.461
212.752
210.791
201.986
193.316
179.839
164.018
136.743
108.751
91.9853
79.3856
64.7063
41.9794
24.136
3.42839
-20.5765
-37.8123
-57.8953
-76.8077
-97.3182
-113.352
-135.909
-160.641
-180.031
-194.139
-208.4
-221.323
-224.899
-224.316
-233.476
-252.829
-277.331
-309.227
-344.86
-377.338
-406.018
-430.202
-460.922
-491.812
-533.649
-571.826
-606.106
-631.731
-655.304
-676.539
-694.643
-711.286
-717.846
-724.032
-717.24
-699.94
-678.934
429.947
439.167
445.856
448.153
456.739
456.538
449.483
452.254
454.921
457.774
459.597
449.487
427.988
414.633
411.06
410.185
405.558
390.436
373.569
356.399
340.466
329.269
320.943
319.009
315.059
302.21
279.537
257.424
240.079
228.537
221.246
214.047
202.278
190.978
178.968
162.117
135.362
112.074
96.4515
83.5506
70.2109
52.362
31.718
12.7431
-9.67339
-25.2569
-41.4807
-63.0994
-85.057
-108.043
-129.583
-152.735
-173.39
-190.199
-207.054
-223.047
-226.22
-229.653
-238.516
-259.629
-283.395
-313.491
-343.233
-368.928
-394.795
-422.263
-450.164
-484.025
-524.667
-571.015
-604.66
-630.811
-654.279
-678.037
-696.535
-708.107
-715.236
-723.194
-719.658
-700.272
-683.722
428.195
432.875
436.747
437.183
437.049
435.436
428.546
427.698
431.811
435.402
439.679
432.557
409.284
393.1
386.631
387.943
387.586
376.31
359.306
340.967
330.532
322.241
319.572
319.433
315.485
302.475
283.687
269.057
254.412
242.543
233.421
221.458
207.116
193.964
177.438
154.176
135.391
115.083
97.0245
82.3738
71.9375
61.5118
45.5624
25.4416
10.016
-0.550685
-17.3583
-42.9056
-70.8379
-97.5787
-123.077
-150.34
-171.335
-195.959
-215.847
-227.898
-234.303
-234.741
-240.288
-262.675
-289.481
-316.965
-343.119
-366.396
-390.322
-412.906
-439.376
-478.219
-522.006
-564.368
-598.082
-629.503
-657.253
-677.622
-691.607
-700.738
-709.576
-716.344
-714.497
-705.751
-691.66
429.249
430.391
430.606
426.468
425.279
422.17
414.918
408.02
406.597
406.123
411.622
407.91
387.912
372.645
365.852
365.65
365.824
360.2
346.071
334.389
328.079
324.359
323.562
326.089
319.404
306.43
295.006
283.245
273.187
260.305
243.854
228.221
216.127
201.96
179.708
157.648
133.684
112.069
95.011
84.4758
76.2097
64.9157
51.5415
35.3398
23.29
11.7164
-5.52298
-30.3403
-61.8807
-91.5257
-120.166
-151.281
-176.478
-201.239
-222.523
-230.172
-234.188
-240.321
-250.424
-269.498
-291.977
-317.831
-337.772
-361.852
-386.078
-410.623
-439.125
-479.241
-523.579
-562.712
-596.476
-629.199
-655.146
-672.519
-684.749
-694.3
-703.874
-707.257
-706.015
-702.43
-696.453
431.092
428.506
424.995
416.846
415.504
410.095
402.513
392.245
384.591
379.95
382.584
375.87
364.41
354.226
345.147
345.568
347.542
339.186
332.824
327.499
326.317
328.699
325.882
329.828
326.424
317.134
303.975
292.795
285.65
272.03
252.435
236.635
221.084
206.996
185.37
161.522
134.813
113.154
98.041
92.3614
84.8353
69.6837
50.3151
33.3617
26.966
17.8875
0.138047
-27.0792
-58.191
-85.9451
-115.976
-147.135
-174.508
-202.535
-224.434
-235.748
-240.079
-246.599
-258.294
-279.467
-294.907
-321.03
-344.565
-364.511
-386.716
-411.937
-440.982
-480.588
-521.568
-562.021
-596.757
-628.255
-648.547
-666.662
-676.967
-684.778
-691.476
-698.221
-700.523
-697.293
-694.2
432.748
425.857
419.441
411.545
409.194
404.052
388.629
376.091
363.742
353.398
350.819
341.518
334.546
323.222
320.054
321.804
325.631
326.643
326.588
321.344
321.968
326.082
328.444
332.634
335.911
331.271
320.652
305.485
290.302
276.616
257.52
237.565
224.815
208.259
186.585
167.603
147.167
120.511
103.464
96.8016
88.156
67.485
49.1045
35.9865
26.0685
13.1395
-5.32455
-31.9549
-60.9049
-87.4631
-111.773
-138.624
-169.228
-202.544
-232.14
-249.256
-257.641
-256.457
-262.083
-274.638
-292.118
-321.382
-347.688
-368.892
-393.532
-417.462
-441.97
-479.718
-525.314
-563.664
-591.361
-621.512
-635.762
-651.223
-664.915
-670.646
-675.955
-681.867
-684.713
-687.747
-684.707
440.687
425.079
412.001
401.847
396.033
390.591
376.19
359.953
342.42
326.287
317.188
308.345
302.447
295.393
296.65
298.875
301.613
306.902
310.16
314.884
318.951
325.597
332.305
335.334
337.616
341.035
333.073
314.185
293.642
279.854
261.722
246.951
235.748
217.154
192.726
175.288
154.38
128.713
109.654
96.4581
84.3338
62.6655
46.448
33.774
22.3483
5.24983
-15.9815
-39.0947
-65.283
-91.4669
-113.222
-139.953
-171.834
-210.6
-239.713
-259.443
-265.515
-264.118
-263.695
-272.45
-296.945
-325.625
-352.645
-374.362
-396.49
-420.708
-446.13
-482.914
-524.615
-559.562
-583.545
-604.621
-622.503
-638.239
-648.755
-656.855
-663.376
-666.982
-672.174
-678.445
-680.767
441.223
424.513
404.46
389.511
382.965
375.912
361.3
343.445
321.188
304.234
289.172
274.378
261.644
260.267
265.118
268.275
274.4
279.606
282.69
293.32
303.735
320.736
331.019
335.129
338.444
339.342
331.755
319.043
297.571
281.137
267.634
254.912
247.431
228.848
205.664
182.184
160.12
131.773
108.961
91.2145
75.4076
56.9751
45.0628
33.3658
17.6355
-0.0444396
-21.0288
-41.9629
-67.2954
-95.3111
-119.593
-147.873
-180.341
-220.996
-250.955
-267.368
-273.789
-267.987
-267.978
-278.136
-301.066
-326.392
-349.701
-372.143
-391.688
-417.751
-442.734
-477.169
-515.994
-544.269
-565.799
-583.628
-600.762
-615.32
-629.208
-641.197
-649.907
-652.287
-659.232
-668.285
-670.787
438.913
419.601
397.588
381.702
367.835
360.072
342.179
323.124
296.242
273.624
257.058
238.008
224.19
223.053
228.524
236.059
242.176
247.317
256.613
271.56
291.471
312.689
326.358
334.269
336.513
339.444
332.224
318.016
300.633
284.421
271.916
258.406
251.866
236.678
215.539
195.438
164.052
132.942
108
93.5763
73.1626
54.4757
42.7903
28.1818
9.13783
-11.7297
-29.6629
-47.3084
-71.9038
-100.953
-128.229
-155.505
-188.686
-227.526
-252.702
-272.709
-279.624
-278.209
-278.974
-291.875
-314.084
-334.812
-356.159
-376.176
-391.062
-411.985
-439.966
-470.721
-503.655
-526.894
-543.68
-558.202
-570.081
-586.444
-599.52
-616.639
-627.102
-635.213
-643.597
-654.914
-653.272
431.72
415.365
396.047
375.628
356.369
341.655
326.856
304.133
277.32
249.258
225.266
205.434
197.68
196.639
197.213
203.679
211.409
224.04
243.028
260.609
280.485
298.44
318.455
325.775
329.23
330.49
321.697
311.405
299.184
286.057
271.138
260.454
257.864
242.831
227.064
207.515
175.383
142.274
116.306
97.4904
76.0298
55.3915
34.9794
16.2236
-4.96014
-23.2563
-44.1053
-63.8322
-83.3823
-107.997
-136.387
-163.074
-197.819
-234.89
-256.63
-276.038
-287.975
-290.217
-296.509
-310.197
-330.643
-351.818
-372.344
-388.222
-405.948
-418.491
-440.06
-466.319
-493.112
-514.755
-522.425
-526.855
-536.603
-554.15
-573.675
-589.485
-610.145
-618.957
-621.677
-631.616
-636.634
434.259
416.113
397.97
371.498
346.421
329.489
313.778
289.678
261.716
234.683
212.102
187.474
174.039
166.538
170.228
176.751
185.26
203.858
224.772
242.257
261.78
279.918
301.556
310.675
312.437
312.63
307.875
302.095
294.185
286.481
277.815
271.762
263.776
255.447
241.975
222.619
194.157
161.621
133.038
109.793
81.4206
54.0747
33.4923
11.2012
-16.9397
-43.7671
-62.9711
-79.2995
-98.2362
-117.274
-142.762
-174.888
-207.691
-241.149
-260.911
-282.012
-297.028
-303.988
-315.976
-332.404
-349.644
-372.514
-388.629
-408.708
-427.974
-437.018
-452.274
-468.546
-485.329
-501.303
-507.929
-509.649
-516.941
-529.55
-552.022
-570.192
-589.422
-601.183
-601.186
-610.752
-617.9
443.444
421.688
400.541
374.653
350.785
329.355
307.274
280.118
249.703
226.675
203.114
179.05
158.573
146.211
147.507
152.636
165.079
182.832
204.313
222.123
243.779
262.765
280.899
292.651
293.667
299.337
296.055
293.227
286.63
287.331
287.722
284.27
279.51
270.884
263.067
247.075
219.372
184.69
149.118
120.417
87.4483
59.5717
36.2613
11.4724
-20.8537
-54.3061
-76.6535
-97.6377
-114.17
-130.526
-149.269
-178.649
-211.063
-242.364
-267.82
-290.493
-305.296
-314.519
-327.305
-345.123
-365.758
-388.922
-407.472
-429.517
-443.687
-451.538
-458.66
-469.978
-478.53
-488.536
-497.164
-503.742
-512.44
-520.641
-536.348
-553.629
-571.017
-580.555
-582.626
-592.204
-600.261
448.873
429.083
406.959
382.045
354.698
329.361
303.185
273.353
246.241
218.727
193.037
166.107
144.139
134.462
132.424
136.998
150.604
168.947
187.47
203.129
227.786
247.65
260.925
268.931
275.979
285.125
290.629
292.431
291.177
296.932
297.911
300.095
299.301
298.848
288.163
271.527
244.2
208.163
167.738
129.282
93.0494
66.1448
40.5514
11.7713
-21.0083
-54.3516
-83.0977
-107.369
-123.36
-135.81
-155.977
-182.486
-208.743
-242.206
-273.242
-297.786
-314.161
-322.819
-335.654
-354.92
-376.634
-393.629
-412.632
-432.764
-444.779
-455.191
-460.629
-466.939
-470.794
-486.381
-494.542
-502.916
-508.96
-511.374
-523.254
-542.708
-555.46
-564.761
-563.807
-569.21
-579.68
461.574
438.734
420.445
390.591
360.399
333.769
306.862
275.456
243.187
214.253
185.386
158.934
140.898
134.815
127.461
128.163
138.914
158.585
176.987
198.008
219.29
231.745
243.102
249.561
260.05
272.96
284.813
294.43
305.656
311.07
314.516
314.996
314.192
317.706
308.779
287.349
260.545
225.218
178.322
136.691
103.865
74.7151
44.6851
16.6986
-20.0696
-54.5148
-90.2084
-111.163
-122.577
-139.547
-158.752
-183.787
-212.792
-249.757
-284.86
-310.548
-326.479
-337.706
-346.159
-356.627
-374.609
-390.738
-411.706
-431.047
-446.896
-456.959
-459.573
-465.393
-467.442
-482.842
-491.073
-492.187
-495.968
-502.185
-511.087
-528.626
-542.581
-546.757
-544.796
-546.269
-554.492
475.607
452.092
429.701
401.632
371.406
341.383
307.55
276.604
244.339
215.89
187.226
163.186
148.66
139.155
132.984
132.312
142.975
159.008
176.064
199.058
212.858
222.804
229.751
237.303
250.127
264.476
280.69
296.478
310.064
323.689
329.233
328.229
329.339
328.223
321.639
304.267
276.227
238.624
192.448
149.906
114.346
80.083
47.8859
17.3179
-18.0504
-54.968
-85.1588
-107.069
-124.374
-141.334
-164.306
-193.123
-227.25
-261.661
-294.54
-322.115
-338.715
-349.279
-357.888
-368.015
-383.46
-396.935
-417.336
-434.875
-446.946
-453.26
-458.758
-463.095
-466.004
-475.82
-478.167
-480.175
-482.258
-488.707
-495.791
-507.114
-520.024
-521.049
-521.721
-524.146
-527.616
486.155
464.393
434.437
408.918
380.713
352.036
317.06
279.837
247.247
221.315
199.69
179.881
161.917
157.697
150.126
146.69
153.979
164.486
177.029
195.017
206.551
215.195
224.93
235.104
249.195
266.849
287.257
306.532
321.607
335.817
343.321
340.495
341.808
337.653
328.564
311.363
285.816
250.559
207.291
166.473
125.999
88.9565
54.869
21.358
-14.163
-46.9752
-77.0556
-97.0965
-124.367
-147.891
-174.153
-203.977
-237.062
-271.668
-304.762
-328.379
-347.329
-360.928
-378.81
-390.493
-402.895
-412.088
-427.449
-439.791
-447.157
-451.862
-453.302
-461.501
-466.497
-468.186
-472.529
-472.044
-474.313
-478.073
-479.932
-481.002
-488.548
-486.805
-488.801
-496.285
-500.024
490.393
470.7
443.394
415.967
388.408
360.74
325.818
288.074
256.199
233.298
219.717
204.94
187.91
181.437
174.491
168.281
171.081
179.779
185.735
198.038
206.117
215.09
231.385
242.573
256.707
278.181
300.432
320.361
336.619
352.057
357.709
357.894
355.22
348.77
336.231
315.064
287.641
255.693
217.994
179.157
135.317
99.5259
62.7774
26.8105
-6.9949
-39.2411
-64.6791
-85.7962
-117.924
-151.503
-182.86
-213.356
-248.176
-282.013
-310.185
-332.655
-351.646
-373.882
-401.69
-415.495
-425.283
-433.405
-441.205
-443.133
-444.094
-448.801
-450.782
-456.753
-462.745
-464.419
-464.838
-463.853
-464.072
-466.143
-467.6
-466.943
-461.713
-457.79
-461.875
-467.344
-473.055
492.192
475.2
457.587
431.036
402.772
375.638
343.331
306.686
277.485
259.303
245.737
229.471
214.96
207.275
201.399
198.108
202.022
201.328
206.291
214.128
220.923
229.953
245.496
256.239
271.472
290.187
311.488
335.492
356.044
367.192
374.601
375.924
370.335
355.295
339.256
316.993
290.395
261.695
229.066
191.261
150.39
113.906
73.095
31.8928
-5.96471
-39.4274
-61.9147
-84.8462
-115.519
-151.968
-191.859
-223.791
-255.445
-288.121
-311.008
-333.14
-355.367
-383.526
-418.092
-439.504
-450.156
-455.723
-454.441
-446.033
-443.873
-444.698
-450.209
-455.406
-459.105
-458.758
-456.694
-452.343
-451.714
-451.863
-457.538
-455.444
-443.987
-435.31
-436.527
-443.209
-448.172
496.234
480.597
464.174
450.453
424.769
396.125
369.751
340.168
311.458
291.843
277.017
257.275
238.189
230.992
233.885
231.862
230.146
230.571
237.095
245.256
249.766
259.291
266.338
277.437
291.661
305.801
325.038
351
372.58
386.692
389.335
390.692
381.228
359.967
341.251
315.829
292.011
265.398
237.892
202.986
162.957
129.497
81.1921
33.0225
-11.0534
-45.7441
-66.9235
-88.5543
-121.568
-161.155
-198.187
-229.031
-259.074
-290.731
-315.215
-338.391
-366.385
-396.078
-427.615
-451.564
-467.242
-472.646
-464.617
-451.618
-443.194
-437.151
-439.595
-447.41
-452.037
-451.958
-451.812
-445.068
-438.998
-438.928
-444.911
-443.337
-431.781
-421.381
-420.611
-428.548
-434.765
497.856
483.443
473.462
462.975
444.619
421.947
398.582
373.724
342.781
322.938
306.21
285.954
268.244
264.973
267.68
267.389
263.339
261.743
268.157
272.697
280.356
287.646
294.899
307.901
316.205
326.286
344.092
363.969
383.505
392.01
394.235
393.48
381.912
363.428
342.769
317.365
288.475
261.934
238.102
208.548
172.582
135.827
88.7233
37.6107
-6.92284
-41.1281
-69.0514
-95.1146
-126.114
-163.535
-199.35
-231.189
-261.998
-289.754
-319.381
-348.66
-375.757
-403.046
-433.454
-456.502
-474.43
-477.596
-467.167
-455.848
-445.139
-433.917
-428.787
-432.771
-441.202
-448.868
-449.875
-444.611
-438.91
-437.519
-434.521
-432.343
-424.995
-419.088
-415.136
-418.919
-424.846
499.337
483.49
477.061
471.792
457.41
439.93
420.914
401.267
376.764
355.374
336.225
317.532
303.005
298.028
300.796
305.194
302.452
302.988
305.099
305.187
307.02
314.987
324.423
331.528
337.214
345.947
354.717
373.152
389.002
394.731
397.653
390.513
381.343
364.415
342.344
316.667
287.805
259.583
239.201
215.863
179.798
142.191
99.8174
53.4384
7.65435
-33.3933
-69.6441
-100.765
-134.277
-168.344
-201.859
-230.975
-258.654
-287.395
-320.573
-349.697
-377.374
-403.1
-427.768
-451.653
-468.375
-470.927
-468.357
-458.076
-444.795
-428.054
-422.122
-422.595
-432.248
-442.188
-447.993
-449.385
-445.837
-443.859
-435.852
-432.731
-428.705
-426.613
-424.502
-425.776
-426.448
502.959
486.765
477.583
477.238
468.828
452.837
438.684
420.955
406.827
385.751
366.231
352.383
339.462
332.163
335.689
340.201
337.447
337.916
338.744
335.765
334.608
343.116
348.331
347.655
347.961
355.071
365.22
380.233
393.362
399.621
398.938
387.837
379.577
365.635
342.422
316.013
290.661
261.769
241.467
218.808
187.43
148.873
107.109
67.7338
18.136
-26.3608
-62.1555
-97.6334
-136.217
-169.543
-199.439
-227.781
-254.046
-283.639
-317.259
-347.953
-373.076
-391.148
-415.471
-440.06
-457.478
-462.589
-461.505
-455.263
-441.911
-429.003
-417.425
-413.174
-420.42
-434.199
-444.613
-448.619
-450.09
-453.485
-449.437
-443.279
-442.602
-436.86
-433.615
-432.313
-430.603
506.319
488.623
482.376
485.875
481.563
468.073
453.444
440.802
426.407
409.949
393.176
382.092
372.225
363.083
366.568
369.059
364.652
364.233
367.929
364.941
361.416
368.317
369.774
364.693
361.916
366.193
373.781
388.047
400.149
406.978
402.51
391.795
376.365
366.463
341.079
312.052
287.06
267.215
248.788
225.786
194.253
154.912
115.807
76.163
28.0375
-16.3885
-51.9624
-90.6907
-130.32
-163.945
-193.191
-221.308
-246.118
-277.844
-307.317
-336.433
-363.452
-384.734
-403.008
-423.601
-441.089
-450.712
-452.127
-446.651
-434.267
-423.891
-417.068
-411.658
-416.396
-430.662
-438.588
-449.153
-456.06
-458.155
-456.323
-451.992
-450.67
-443.857
-438.846
-438.416
-438.211
508.831
491.063
486.93
489.282
487.897
479.772
468.646
452.912
441.189
429.842
418.337
408.069
398.79
395.834
392.206
395.052
392.527
392.898
394.079
395.817
392.383
391.619
387.956
380.101
380.017
383.402
388.123
396.853
407.489
414.456
412.34
397.912
382.34
369.123
342.393
308.969
283.304
269.121
253.716
230.545
196.459
154.028
111.609
74.4477
35.1717
-1.03696
-36.2757
-81.1791
-120.337
-154.914
-185.036
-210.864
-239.509
-270.639
-299.053
-324.406
-350.327
-369.974
-387.298
-410.872
-426.387
-433.386
-435.306
-432.444
-423.612
-415.869
-416.671
-418.967
-420.94
-428.56
-437.948
-449.632
-457.152
-463.807
-459.872
-459.262
-453.644
-452.012
-450.753
-448.817
-442.007
509.19
495.417
490.822
495.221
494.761
488.177
479.159
468.754
458.608
449.92
442.936
431.914
426.774
426.365
422.192
419.288
418.414
422.097
422.111
420.183
417.602
414.043
408.013
401.082
396.826
398.647
400.975
404.054
413.298
422.301
417.119
403.107
383.689
363.851
333.454
301.522
275.603
263.364
250.987
227.52
195.591
153.325
112.752
74.6584
38.9023
4.13315
-32.8361
-72.9519
-107.066
-141.606
-171.318
-200.035
-230.801
-264.813
-294.532
-318.171
-332.519
-350.406
-372.698
-391.542
-403.202
-412.24
-416.043
-416.125
-409.039
-408.659
-416.922
-422.082
-426.592
-434.406
-446.053
-453.992
-459.89
-468.693
-464.383
-461.277
-460.745
-460.376
-460.22
-455.693
-443.123
514.463
505.678
498.76
502.321
507.53
502.994
499.694
495.478
481.52
472.698
462.855
457.799
455.688
453.618
451.548
444.502
446.858
446.26
443.408
441.177
437.236
433.759
425.766
415.946
408.955
409.328
409.202
408.959
413.74
418.372
413.697
402.463
380.058
357.463
329.026
297.478
274.565
256.709
240.725
217.627
187.753
151.65
117.92
77.8534
43.5094
8.97538
-25.8525
-55.9608
-87.9691
-122.002
-156.616
-189.743
-220.686
-255.585
-286.674
-307.621
-318.574
-334.485
-358.768
-377.09
-387.202
-390.117
-392.571
-396.173
-395.795
-399.863
-405.514
-414.587
-428.678
-443.49
-458.266
-464.345
-468.216
-472.25
-468.825
-463.547
-464.158
-462.739
-458.179
-451.107
-442.087
523.32
513.523
506.443
512.213
522.414
523.606
525.401
520.479
508.691
491.353
482.331
479.122
479.832
486.934
484.667
478.745
474.507
471.182
465.984
461.602
457.677
453.632
443.126
431.939
419.104
413.101
411.579
411.469
410.471
410.167
407.053
394.906
375.1
352.523
323.62
290.893
271.543
249.976
231.136
210.315
182.005
148.579
118.96
84.5079
52.3623
20.9658
-8.29233
-34.7697
-65.3561
-97.6234
-135.692
-169.707
-203.403
-242.166
-271.611
-292.037
-300.759
-316.37
-338.884
-360.73
-368.811
-373.258
-376.6
-379.245
-382.197
-386.353
-387.805
-398.553
-420.554
-443.275
-463.523
-471.955
-478.509
-474.868
-470.624
-462.807
-460.399
-460.698
-451.533
-444.885
-437.794
534.367
525.236
523.009
528.002
535.307
541.31
548.994
540.685
527.957
514.462
505.561
499.17
500.26
508.712
512.918
511.469
503.927
497.789
491.178
487.227
481.232
470.775
461.924
448.831
435.233
422.031
416.42
411.081
405.473
402.07
395.69
379.666
362.123
341.619
312.427
282.1
261.541
238.726
223.339
204.147
184.488
150.008
114.508
81.7218
54.3065
31.794
6.5824
-18.2842
-43.0595
-73.0938
-106.954
-143.438
-178.843
-220.564
-256.47
-277.592
-289.267
-297.601
-315.385
-335.615
-347.25
-352.207
-354.74
-363.461
-368.143
-369.381
-376.594
-388.61
-412.737
-437.863
-456.735
-466.318
-473.929
-474.596
-470.709
-463.814
-458.738
-454.25
-445.77
-436.698
-428.487
547.898
541.114
540.754
544.971
553.172
561.667
569.742
563.572
551.276
538.363
531.258
525.297
525.622
532.812
538.838
536.285
524.201
518.15
514.595
507.971
496.766
488.989
480.584
466.8
453.936
435.151
422.846
411.775
401.551
388.806
379.8
363.758
344.097
321.848
293.006
265.181
243.241
231.962
218.327
200.674
178.809
147.043
109.36
83.2226
62.1829
39.3015
19.2031
-2.98893
-23.4032
-51.3339
-84.7262
-121.058
-156.95
-199.731
-237.053
-262.938
-279.428
-285.219
-291.886
-306.083
-322.543
-332.583
-340.217
-348.516
-351.982
-354.137
-364.766
-378.445
-403.136
-426.04
-442.773
-449.768
-460.119
-464.723
-462.9
-455.79
-448.976
-441.219
-433.035
-429.868
-421.964
556.535
552.43
555.767
559.975
565.363
579.625
589.798
591.073
581.836
571.508
562.901
552.66
550.775
555.543
560.936
556.886
547.493
536.932
533.35
524.881
515.621
508.709
492.509
480.524
464.425
443.811
428.682
414.709
396.278
380.842
364.689
345.524
324.955
298.658
275.454
254.535
235.186
224.03
214.495
198.901
172.829
141.737
104.603
78.3495
59.7416
41.7042
24.4874
9.12497
-10.6806
-38.9778
-69.2558
-103.441
-138.661
-179.699
-217.46
-246.452
-265.839
-273.608
-275.044
-282.151
-298.073
-308.957
-320.109
-329.267
-334.477
-338.143
-353.044
-367.335
-390.333
-411.626
-428.324
-439.413
-447.307
-450.596
-451.064
-445.017
-439.531
-432.357
-422.741
-415.631
-408.954
560.125
563.593
565.471
574.633
580.064
592.709
606.386
611.624
607.572
601.456
593.898
585.71
577.845
579.146
577.085
570.532
558.554
550.658
547.556
541.352
532.035
520.493
501.729
488.259
474.3
457.372
437.314
414.78
389.964
368.068
348.752
326.817
305.337
285.853
268.436
250.368
237.265
223.053
209.735
195.703
171.189
132.278
98.7395
70.7212
48.7902
34.8903
24.6243
12.986
-6.23705
-28.0153
-56.168
-89.9933
-127.124
-165.166
-197.645
-224.721
-247.367
-259.024
-257.714
-261.346
-271.559
-283.167
-293.508
-308.347
-315.902
-319.346
-335.078
-356.744
-380.932
-400.708
-414.623
-429.336
-434.711
-435.459
-434.15
-433.833
-432.642
-423.328
-412.414
-398.088
-390.059
563.953
570.936
574.788
584.219
593.763
612.461
626.274
631.191
621.069
619.219
614.271
609.301
602.333
598.245
591.228
582.104
566.442
556.704
552.25
547.487
541.266
529.366
514.49
502.269
485.629
466.254
445.108
415.744
388.152
361.761
338.844
316.049
295.37
279.476
266.782
252.656
239.693
221.69
203.985
183.78
157.148
120.114
84.8952
60.9061
35.2499
23.6237
19.4223
9.62444
-1.43949
-22.2054
-47.9133
-80.6717
-118.032
-144.288
-175.195
-201.812
-223.701
-234.284
-231.585
-233.877
-247.728
-261.426
-273.947
-283.685
-292.227
-299.88
-317.623
-343.199
-368.648
-390.355
-404.778
-416.899
-423.498
-418.639
-421.243
-423.398
-422.381
-414.252
-399.604
-382.331
-375.538
569.989
575.653
587.594
602.684
611.684
626.846
637.492
635.74
629.519
629.286
627.801
624.743
615.895
606.036
593.623
581.047
568.788
565.08
555.36
548.506
543.366
532.247
522.53
511.386
495.759
477.693
453.545
418.828
385.493
358.411
333.84
309.788
288.602
276.061
263.87
251.703
234.711
213.079
192.075
167.437
133.822
103.959
79.7643
56.3199
29.7325
19.0766
15.9642
5.13216
-7.67834
-25.3541
-43.2057
-74.1524
-102.247
-128.334
-156.184
-178.914
-195.842
-211.878
-211.797
-218.392
-233.752
-246.822
-252.105
-257.603
-265.331
-280.171
-300.079
-325.442
-352.152
-379.794
-399.515
-412.923
-415.754
-410.346
-412.801
-415.163
-416.979
-404.77
-386.796
-372.581
-371.148
584.819
593.881
604.948
618.797
628.237
639.477
642.845
637.97
633.203
633.371
631.739
626.903
617.587
602.431
589.053
579.113
573.128
569.128
555.927
545.176
542.999
537.783
527.731
518.024
504.846
486.07
456.954
420.629
387.843
356.316
333.412
313.117
291.842
275.659
258.599
241.822
226.604
202.921
180.078
152.629
120.09
99.1841
86.804
66.3
38.2873
21.1709
13.4765
-0.518052
-18.5925
-32.914
-47.734
-70.6792
-93.5087
-118.163
-141.75
-164.773
-181.431
-198.005
-203.812
-215.504
-227.355
-233.957
-236.191
-241.703
-247.886
-264.866
-289.855
-314.897
-342.605
-372.557
-395.617
-409.888
-415.651
-412.95
-411.098
-409.259
-407.421
-400.651
-387.118
-372.875
-369.499
605.185
618.247
629.488
638.962
648.163
652.658
654.283
644.96
638.829
635.87
631.703
624.999
611.693
599.41
588.606
580.056
577.53
570.697
557.391
545.142
538.435
532.764
526.284
519.4
504.992
485.702
460.422
426.125
394.525
366.046
342.691
322.898
302.261
281.395
261.623
239.453
219.743
197.315
172.141
143.771
114.766
99.5929
90.8442
73.8055
49.2857
26.5943
9.38456
-11.4518
-31.0967
-43.484
-52.9697
-69.4405
-89.6518
-107.029
-131.344
-154.078
-175.26
-193.221
-206.199
-219.025
-228.361
-230.238
-231.535
-238.431
-249.975
-271.539
-295.783
-318.134
-339.785
-369.634
-397.899
-410.143
-414.384
-414.391
-411.018
-407.143
-400.819
-390.784
-382.871
-374.233
-363.211
626.396
638.768
652.571
664.234
671.124
670.447
668.791
661.001
647.606
644.004
637.644
627.49
610.537
594.122
589.441
581.618
579.4
570.333
557.742
543.592
526.221
519.257
518.598
513.983
498.956
478.741
456.338
427.935
405.335
380.698
359.307
341.923
323.562
298.948
275.489
248.902
223.551
202.506
173.501
143.28
121.695
105.172
88.3248
75.9196
52.4059
26.8737
6.46091
-15.3479
-38.4544
-51.1699
-58.1078
-68.4003
-87.0942
-104.223
-126.685
-150.813
-168.078
-187.411
-204.568
-219.453
-231.689
-234.983
-238.462
-248.547
-265.993
-280.538
-300.016
-320.148
-342.516
-368.497
-391.75
-406.378
-413.353
-409.144
-406.1
-404.648
-400.747
-390.317
-386.186
-377.712
-360.508
644.482
655.043
672.429
688.441
691.567
691.011
684.449
670.597
655.665
650.044
645.797
631.391
612.052
594.726
586.39
575.042
569.042
560.933
549.757
532.652
516.405
508.787
507.012
503.648
488.402
471.81
451.073
430.243
410.478
390.933
378.061
362.734
344.081
317.616
288.861
258.25
230.829
206.461
181.43
154.24
129.64
112.338
94.5984
77.9136
55.3123
31.889
11.5781
-14.3035
-39.529
-52.7957
-63.1277
-76.4201
-91.8773
-109.025
-131.643
-153.73
-163.729
-176.548
-195.778
-218.346
-234.652
-242.441
-248.394
-258.069
-271.331
-282.958
-296.982
-316.212
-340.885
-362.511
-380.704
-392.999
-399.407
-400.507
-402.759
-404.302
-402.163
-393.371
-384.953
-377.44
-355.472
654.103
663.058
682.025
700.684
704.729
700.819
689.083
674.814
664.348
657.438
646.65
632.24
612.276
590.516
578.836
570.214
559.798
547.948
539.022
522.25
511.181
501.47
494.822
486.134
477.29
467.027
450.55
432.672
416.884
402.124
390.406
376.605
360.714
337.682
305.629
267.819
237.333
209.292
190.011
170.906
147.493
129.997
111.443
87.1808
62.5218
42.5808
22.7339
-3.73424
-29.5302
-50.1799
-71.1018
-87.9277
-101.104
-113.882
-133.191
-147.023
-156.903
-166.456
-186.906
-212.988
-235.941
-246.18
-251.367
-259.298
-265.189
-278.535
-294.424
-313.088
-334.501
-354.992
-370.426
-376.579
-384.764
-388.861
-391.912
-396.15
-399.248
-392.309
-379.709
-366.141
-344.427
665.278
675.208
694.576
710.01
711.964
705.858
692.211
681.521
673.131
661.69
644.647
631.711
614.218
595.343
576.492
565.281
556.456
546.242
536.622
522.387
510.028
497.244
485.229
474.805
474.012
465.974
450.152
437.219
425.78
410.633
399.049
384.537
373.84
354.389
323.512
285.238
250.196
221.63
204.332
183.051
164.843
148.714
128.086
99.7399
72.2027
50.4549
29.1164
4.47244
-22.5634
-45.66
-73.1987
-95.272
-108.641
-119.715
-130.772
-142.04
-149.671
-162.842
-185.673
-210.317
-231.435
-244.921
-248.095
-249.898
-255.481
-270.005
-285.968
-305.994
-326.577
-341.656
-356.25
-362.546
-367.889
-373.557
-379.122
-385.551
-394.506
-390.602
-371.605
-350.345
-327.955
684.631
693.861
707.325
715.448
712.909
711.839
699.764
683.529
669.834
656.72
643.21
632.499
619.793
603.641
586.11
572.999
564.227
551.814
540.665
528.604
512.221
496.917
483.922
475.495
474.183
466.962
452.777
441.021
429.473
414.792
404.023
391.523
378.631
362.063
335.918
302.346
270.238
242.175
218.872
199.568
180.189
164.272
144.782
114.245
81.7732
57.8421
36.3673
12.0877
-16.4038
-41.7363
-68.3256
-90.194
-110.204
-126.822
-136.699
-143.054
-150.021
-159.35
-178.566
-202.686
-220.737
-240.828
-246.692
-242.588
-244.251
-253.841
-270.766
-293.322
-313.341
-328.149
-337.463
-346.573
-354.083
-364.094
-369.852
-373.512
-376.258
-374.105
-357.997
-340.46
-319.235
702.374
713.618
719.453
720.77
714.689
712.465
705.909
687.352
669.511
655.498
647.593
639.886
626.894
613.505
601.959
592.45
579.473
564.148
550.239
537.603
523.317
507.039
491.302
481.504
472.687
462.275
448.541
435.488
424.578
416.012
403.898
390.685
379.02
360.526
335.037
309.789
283.97
256.722
234.175
213.925
194.413
175.132
152.556
123.522
95.6386
71.2923
49.1356
19.2948
-6.23056
-32.6778
-54.6632
-81.4213
-110.903
-126.566
-137.707
-146.786
-154.296
-161.051
-177.873
-197.792
-215.733
-232.637
-241.979
-236.446
-233.312
-238.321
-254.459
-272.554
-290.982
-305.824
-314.212
-324.857
-341.733
-353.328
-358.299
-365.422
-366.256
-360.655
-349.439
-334.815
-311.378
709.834
721.403
727.182
723.865
715.691
711.06
707.809
693.749
676.458
664.872
661.973
655.377
642.082
633.486
621.065
611.989
600.619
581.525
567.702
552.329
536.848
524.65
509.307
493.537
474.728
458.229
441.483
429.779
416.812
406.4
398.469
388.868
374.514
359.279
333.965
309.636
287.236
268.087
243.172
220.463
200.962
182.584
159.418
132.486
106.843
80.8361
56.0806
28.4304
0.346004
-25.8382
-49.5382
-80.0943
-108.393
-127.792
-140.234
-149.845
-156.62
-168.009
-183.708
-198.597
-212.493
-221.842
-227.893
-224.604
-222.615
-224.536
-235.433
-251.319
-266.641
-280.262
-290.873
-304.867
-325.3
-336.748
-346.036
-354.903
-357.358
-349.59
-339.442
-326.307
-302.246
714.905
724.626
726.383
725.259
719.281
716.545
714.276
707.956
694.126
684.208
681.737
676.875
666.955
656.599
646.157
635.379
620.752
604.839
590.095
577.172
563.176
546.191
528.769
507.162
482.308
458.406
440.83
423.647
405.382
397.556
391.731
387.42
374.856
356.672
335.764
311.958
293.522
275.62
252.585
228.525
209.252
195.762
174.17
151.08
121.103
94.678
67.1444
41.5949
13.8881
-17.5523
-46.8683
-76.239
-105.253
-125.682
-143.452
-155.381
-164.055
-175.831
-189.486
-203.871
-210.73
-214.136
-215.01
-213.604
-213.483
-217.615
-223.317
-233.08
-241.409
-248.472
-264.626
-283.94
-303.844
-320.553
-333.5
-339.838
-344.482
-339.034
-329.34
-312.532
-292.65
720.984
729.348
733.275
733.494
732.008
728.865
724.18
720.608
718.809
712.81
704.833
698.934
692.343
684.799
670.002
655.48
638.467
623.966
612.598
601.628
591.44
569.638
545.505
518.482
485.47
460.815
439.301
416.275
397.814
388.118
386.184
385.703
373.819
354.191
332.896
316.296
300.174
280.991
261.417
242.271
221.189
210.443
190.314
165.123
135.414
109.006
81.398
56.1778
26.0139
-4.28615
-35.1203
-67.6201
-96.8461
-120.999
-143.157
-156.032
-165.177
-181.174
-195.879
-207.409
-211.28
-213.615
-212.873
-211.011
-210.892
-214.036
-214.259
-213.78
-215.193
-222.236
-236.984
-252.692
-274.862
-296.071
-311.718
-318.974
-327.67
-327.971
-319.779
-304.053
-289.111
727.193
736.669
744.294
748.517
745.263
743.519
738.385
737.772
748.089
742.22
733.444
723.24
719.082
710.61
694.613
676.301
654.874
639.954
629.805
621.92
612.061
592.944
566.976
529.67
491.612
459.162
434.739
413.546
392.978
385.257
387.19
387.302
378.15
357.72
342.472
321.991
306.553
289.802
271.19
256.642
237.852
223.324
202.159
177.842
149.883
123.014
96.4163
69.7014
42.6876
13.8178
-14.2577
-49.181
-76.8518
-104.53
-132.105
-151.149
-167.935
-183.163
-197.784
-205.796
-205.907
-206.424
-204.621
-203.718
-206.056
-207.092
-200.982
-194.685
-192.716
-196.012
-207.543
-229.014
-251.068
-272.712
-291.717
-303.322
-317.175
-321.596
-311.567
-299.554
-286.043
731.196
740.495
752.007
755.121
757.553
761.673
760.15
764.62
774.754
768.656
759.629
750.973
750.647
740.09
724.519
703.621
679.619
664.06
648.009
636.246
623.58
607.685
583.494
547.032
504.069
463.407
431.085
406.844
392.027
386.77
393.348
395
388.201
367.212
348.065
330.792
312.28
299.403
282.937
269.073
251.618
237.952
216.391
192.816
168.045
136.379
108.158
86.2431
59.8545
35.4588
6.85158
-23.0869
-55.8915
-85.4819
-114.383
-140.258
-165.84
-185.382
-194.588
-199.291
-197.06
-195.475
-190.101
-191.105
-193.14
-193.914
-180.522
-174.042
-171.989
-173.722
-187.402
-206.248
-227.522
-253.96
-275.547
-289.854
-309.265
-317.858
-309.591
-303.546
-289.811
731.174
737.424
753.043
761.556
770.461
779.209
786.904
792.527
801.844
793.03
781.802
775.5
779.931
774.527
757.316
733.745
714.037
696.307
670.728
647.137
635.103
622.029
601.844
565.624
518.641
473.846
437.727
413.203
398.123
392.751
397.236
400.383
393.29
375.133
353.135
334.744
316.349
300.856
286.893
271.152
258.086
246.346
228.807
206.086
181.672
154.77
133.573
112.096
80.7726
55.8464
26.1031
-9.71065
-45.3019
-74.2713
-104.217
-132.915
-157.268
-170.986
-183.073
-188.142
-188.487
-184.653
-177.184
-176.223
-179.386
-180.529
-171.088
-159.941
-158.866
-159.501
-175.071
-192.819
-214.38
-234.535
-257.416
-282.069
-305.044
-315.193
-313.906
-304.95
-296.373
731.206
739.633
753.207
769.539
787.315
800.951
809.614
818.774
821.657
816.38
807.705
802.386
803.678
796.801
785.112
765.752
745.78
722.056
694.824
669.796
653.164
636.422
614.672
578.829
528.372
482.634
444.943
420.092
407.404
399.619
400.406
396.94
390.024
372.67
349.784
330.168
311.911
294.853
280.603
268.925
257.637
247.285
234.709
216.936
197.564
181.233
162.366
136.418
106.07
77.3818
43.7998
4.14786
-33.2903
-66.6323
-103.326
-131.248
-151.6
-162.725
-172.973
-180.678
-177.936
-168.27
-166.14
-165.177
-163.649
-161.976
-156.99
-147.991
-146.033
-148.805
-167.649
-186.264
-207.773
-227.829
-253
-279.289
-304.523
-316.992
-313.321
-305.764
-294.744
735.507
750.586
763.306
785.508
803.329
818.544
829
840.137
840.98
834.304
830.35
827.799
822.225
815.305
805.036
782.347
759.853
738.191
713.986
689.819
670.66
651.663
626.275
590.217
542.201
493.3
457.962
431.393
417.726
409.56
399.828
392.332
385.749
370.392
346.299
322.698
304.695
289.929
278.112
265.038
255.091
247.013
241.68
230.731
220.719
206.455
183.122
159.606
133.912
102.919
65.0223
21.1766
-17.2146
-56.5049
-93.6057
-119.711
-136.876
-150.429
-162.584
-171.446
-169.914
-160.706
-150.824
-149.222
-145.745
-140.702
-139.453
-135.594
-136.793
-148.681
-169.273
-185.622
-205.916
-227.779
-250.388
-275.484
-302.979
-317.825
-315.535
-306.536
-295.168
749.388
767.05
783.581
803.01
821.738
833.879
849.278
863.292
864.823
855.709
850.625
849.011
842.601
831.773
816.494
796.237
769.425
746.129
725.95
706.605
689.726
670.181
641.277
604.336
555.738
510.173
473.86
447.322
429.543
416.741
402.405
389.073
376.435
360.668
341.352
319.824
302.06
290.954
275.136
262.361
257.348
253.708
251.52
242.94
235.841
222.826
199.403
183.052
158.812
130.493
92.5343
48.5729
4.14664
-35.9111
-74.4766
-100.14
-115.67
-133.505
-146.626
-156.641
-158.556
-150.194
-139.113
-132.324
-127.379
-124.124
-121.451
-123.83
-132.184
-150.833
-171.302
-190.592
-211.219
-233.57
-253.376
-274.378
-298.137
-320.873
-322.739
-314.148
-302.376
775.447
794.915
814.115
830.2
847.626
859.318
877.935
886.826
887.2
880.543
873.991
866.748
859.333
842.734
826.375
806.533
781.113
761.271
742.986
725.397
705.663
689.572
662.971
622.249
575.539
531.961
496.776
464.987
442.735
424.597
408.27
389.641
373.126
352.486
338.282
324.458
306.664
298.419
280.709
265.195
257.797
255.493
254.937
250.843
246.917
239.284
217.391
196.648
179.171
150.732
118.662
78.8075
31.5995
-10.0736
-49.5258
-75.8893
-93.8607
-112.421
-125.627
-135.997
-139.77
-136.351
-130.955
-123.587
-118.289
-114.419
-115.257
-119.348
-128.544
-148.624
-170.279
-189.734
-210.926
-234.407
-252.429
-276.433
-296.979
-317.91
-327.084
-319.633
-309.012
798.83
819.667
839.125
858.046
875.368
886.956
902.202
911.794
910.536
903.2
893.112
885.373
871.559
853.053
830.565
807.7
789.658
770.104
755.549
737.46
724.888
708.761
677.075
634.765
587.091
548.091
514.93
483.123
458.401
431.923
408.467
385.214
366.63
342.41
330.749
323.107
311.577
301.987
285.614
270.501
263.258
256.615
253.925
255.792
256.766
247.108
227.472
214.287
199.269
173.221
134.62
96.8453
53.0723
12.4719
-23.2861
-51.8687
-72.7743
-89.7144
-100.34
-111.22
-115.618
-122.145
-123.877
-117.186
-111.569
-106.025
-109.77
-112.188
-119.912
-136.551
-164.106
-188.21
-206.633
-228.428
-256.103
-283.754
-304.34
-321.06
-326.42
-317.288
-307.869
817.741
837.887
862.021
881.58
897.617
911.712
925.772
931.1
926.005
919.838
911.038
896.644
876.395
853.471
827.814
809.027
793.348
778.36
762.219
747.786
733.388
714.933
684.474
643.319
599.535
561.533
531.913
501.295
471.421
435.775
403.33
376.494
352.696
332.757
320.776
310.93
306.62
303.334
289.992
275.402
266.545
259.229
259.055
260.383
258.698
246.402
234.599
228.255
211.941
185.41
147.107
106.498
65.9457
31.693
0.688029
-26.6698
-51.2396
-65.0742
-78.9979
-89.5874
-100.127
-105.651
-106.727
-99.7123
-94.2149
-90.0007
-95.0144
-100.667
-106.587
-122.17
-152.554
-178.526
-201.227
-231.378
-265.762
-288.025
-308.685
-323.049
-326.171
-317.941
-307.915
831.023
849.053
874.814
900.309
919.068
932.327
945.641
948.821
942.25
935.342
922.289
902.633
873.063
842.662
819.843
806.131
795.121
781.619
762.728
747.591
732.996
713.288
682.845
645.198
610.465
574.782
546.878
516.597
480.259
436.601
398.631
367.195
341.588
321.647
310.893
300.369
296.42
298.02
289.97
277.615
268.083
266.307
264.035
262.18
257.151
249.672
239.428
234.997
219.962
193.917
157.579
118.007
81.3603
50.164
23.4432
-0.282186
-25.5236
-45.5067
-65.0676
-76.4828
-88.4115
-96.8673
-90.8001
-79.1633
-71.5305
-74.1841
-79.7379
-90.4528
-98.984
-116.65
-142.579
-170.764
-197.831
-227.763
-262.213
-286.94
-305.456
-313.8
-317.22
-313.062
-302.637
840.81
862.251
886.504
912.959
934.833
952.449
957.208
959.561
957.066
949.148
933.637
905.732
873.272
841.279
820.362
804.767
788.733
773.623
756.086
745.035
729.462
703.431
673.433
640.21
608.839
577.003
552.33
518.565
476.063
430.355
393.418
362.6
333.516
312.716
300.134
295.907
294.269
294.444
288.976
281.596
270.502
270.884
270.843
268.265
261.939
253.664
243.256
236.047
220.241
199.805
174.601
134.505
96.5792
64.9327
41.5813
20.1816
-6.79235
-29.1803
-45.6034
-61.2212
-74.1801
-81.8704
-80.3608
-74.326
-65.9447
-63.8722
-72.5223
-86.1578
-97.5921
-112.298
-136.696
-160.244
-187.891
-219.122
-247.377
-271.995
-290.248
-299.974
-304.64
-298.768
-289.839
853.863
873.126
892.713
922.936
942.048
960.024
971.326
972.068
971.885
961.189
941.213
915.83
879.842
844.293
817.266
799.726
778.579
759.226
745.304
733.882
725.034
701.648
670.554
637.996
606.333
575.078
548.915
514.405
471.154
429.39
393.181
354.15
323.605
305.191
296.136
292.366
293.457
296.807
300.76
293.964
281.456
274.569
275.764
278.166
268.651
257.305
245.085
229.472
212.89
193.165
169.488
140.002
108.355
79.4296
55.1186
32.6298
8.90832
-13.0232
-27.4231
-41.6949
-53.3794
-68.5372
-73.3069
-66.8404
-61.8248
-57.6463
-66.0058
-79.7678
-93.2951
-110.257
-127.15
-148.186
-175.49
-202.93
-231.82
-255.351
-271.872
-285.518
-288.831
-281.087
-268.336
862.263
880.34
896.374
923.953
944.557
963.186
976.806
984.719
982.21
967.306
946.758
919.783
885.982
850.644
811.258
790.173
771.342
750.313
735.848
720.734
710.584
694.905
666.696
628.245
596.458
566.983
539.654
503.016
461.834
424.567
385.953
350.6
317.364
301.089
289.851
285.215
288.483
296.386
300.544
301.815
294.451
287.728
284.78
281.664
268.649
253.428
235.672
215.235
198.297
180.358
162.389
137.869
113.457
89.7365
61.9782
41.8278
21.5646
2.4582
-11.2934
-28.445
-43.2714
-55.9131
-61.1693
-55.4293
-49.7647
-51.6895
-60.0268
-72.6945
-91.4379
-106.022
-118.903
-139.066
-159.404
-185.281
-213.424
-236.602
-252.066
-265.775
-269.806
-264.169
-249.487
859.541
877.347
896.845
916.687
935.606
953.2
968.235
984.825
984.715
966.9
946.586
920.834
883.907
845.795
811.396
788.096
768.397
747.027
727.57
710.801
697.413
681.563
655.598
621.584
585.588
554.249
525.525
489.882
450.138
416.505
381.068
347.548
318.068
297.144
284.967
288.413
289.056
289.301
289.988
291.947
294.09
290.86
284.081
274.758
259.942
244.977
224.686
203.082
185.582
168.737
147.99
128.551
107.922
86.152
60.399
42.6904
27.9004
12.2454
-6.02006
-26.2034
-41.2283
-49.389
-47.9962
-42.8285
-37.8483
-46.8733
-58.0567
-72.1877
-85.7605
-99.6867
-115.02
-130.951
-150.747
-174.49
-195.361
-217.816
-234.91
-248.43
-251.964
-246.823
-232.378
846.812
867.562
890.905
912.951
933.746
948.34
959.571
974.465
972.381
958.092
939.872
917.058
882.874
846.573
812.747
789.204
766.529
739.69
718.54
704.462
690.129
671.451
644.049
614.358
580.795
546.246
511.71
477.087
440.352
404.919
370.81
338.505
313.617
292.425
286.544
288.952
287.146
284.868
284.227
279.833
278.467
274.25
264.589
255.198
247.144
233.805
212.828
195.671
170.976
149.408
127.301
110.801
89.2599
73.6384
52.8277
39.518
29.5549
15.0667
-0.839315
-20.6012
-36.3257
-42.1442
-34.3233
-27.8191
-28.5948
-38.8846
-59.7568
-74.1612
-83.0586
-93.7963
-108.502
-124.682
-143.637
-165.494
-184.36
-201.874
-215.706
-221.945
-227.309
-220.723
-210.626
831.186
855.503
882.853
905.814
927.609
939.664
952.598
960.841
958.319
946.24
929.246
904.641
875.068
844.605
813.398
787.832
761.615
732.205
711.215
694.562
677.318
658.013
632.577
605.696
581.135
545.14
506.223
468.647
427.072
387.542
351.63
322.418
305.025
292.351
277.719
273.361
273.398
274.045
268.862
264.508
258.186
248.99
235.807
230.154
225.876
216.542
198.722
179.977
153.669
127.833
104.817
87.7906
71.454
57.7902
41.5848
30.2935
26.2983
15.153
7.20387
-6.39644
-21.0796
-28.257
-22.938
-19.0838
-22.4285
-33.4528
-55.759
-73.8326
-85.5379
-93.1603
-101.635
-117.032
-136.616
-156.309
-166.019
-179.713
-188.27
-190.895
-193.265
-194.707
-187.567
813.896
839.487
869.941
896.247
917.147
929.984
939.22
944.412
940.101
930.509
915.126
889.154
864.76
839.344
809.909
778.491
747.206
717.783
697.264
679.017
656.291
636.18
619.17
601.65
575.935
538.854
500.905
457.162
411.042
374.445
339.604
310.408
291.605
278.795
263.134
259.07
265.06
258.987
250.1
247.685
241.496
227.016
214.873
207.622
202.279
194.438
176.333
154.083
125.107
102.7
81.0592
66.8975
52.6825
39.4511
29.8257
23.0233
19.7903
14.4993
10.5493
3.81535
-6.28813
-14.0509
-12.3231
-10.0147
-15.4606
-29.1451
-46.022
-65.5955
-81.8993
-90.9861
-95.0785
-109.754
-126.745
-137.104
-143.818
-151.499
-154.07
-153.718
-157.487
-155.076
-153.078
801.139
826.004
854.288
880.814
903.159
914.828
923.799
923.976
924.036
915.52
900.461
879.003
856.683
832.603
802.055
768
737.22
701.64
677.218
660.984
641.128
622.328
607.178
592.584
567.93
530.698
492.254
445.808
401.212
362.13
329.469
302.636
280.637
264.852
249.131
249.019
250.592
241.932
231.933
223.797
216.441
205.294
193.743
187.768
179.659
167.967
149.782
121.294
93.01
67.5996
53.9769
47.2038
32.6406
18.9472
13.5587
11.2611
13.6894
12.4232
6.29192
1.8798
-1.42045
-7.37341
-9.37354
-9.36797
-15.3068
-24.9869
-37.9385
-52.171
-68.4968
-81.2272
-89.6428
-97.5062
-106.619
-112.436
-115.495
-116.01
-118.625
-119.146
-121.952
-116.206
-113.342
793.36
817.713
839.496
867.193
886.817
900.681
908.575
915.537
913.204
905.998
892.048
872.267
849.346
824.843
793.369
760.129
725.936
693.124
667.167
648.215
635.295
615.873
600.348
581.116
554.958
514.988
470.58
431.13
389.188
351.655
323.705
298.857
279.835
258.548
241.297
238.99
240.037
229.576
214.687
201.497
189.83
179.761
170.722
162.266
152.614
141.065
121.468
93.3223
65.0774
41.3517
28.7399
23.0009
14.3367
3.16871
-2.13895
-0.764326
7.10219
5.84302
-0.131182
-5.47856
-3.85386
-3.3833
-3.02849
-3.16127
-5.32051
-12.996
-22.0235
-34.4386
-44.5143
-56.0596
-70.2006
-78.8557
-84.0347
-85.3096
-84.1157
-83.3317
-85.7549
-86.029
-86.5688
-79.537
-72.8335
783.948
810.952
831.734
853.577
871.873
889.065
902.013
914.633
915.002
907.938
892.01
866.968
841.195
817.139
790.637
760.263
723.83
692.738
663.302
636.023
619.102
602.764
585.982
563.675
536.604
494.826
444.154
409.238
375.557
343.143
316.287
298.472
282.414
262.133
245.678
236.956
231.487
218.319
198.777
188.921
175.08
162.504
150.407
140.124
127.574
113.254
97.5935
68.0213
42.3501
19.5144
8.9028
4.28579
-4.49244
-13.8452
-18.486
-16.0772
-7.86597
-3.86806
-6.98476
-8.05811
-5.04725
-3.84848
0.884821
6.84653
4.3753
0.152217
-6.20715
-13.6646
-18.7136
-29.8678
-41.0091
-47.0658
-55.0067
-58.9234
-54.1572
-53.5546
-49.8228
-49.0615
-48.5702
-39.4785
-33.7666
775.443
804.212
825.878
844.853
860.315
879.121
902.661
915.938
915.167
908.277
889.758
862.637
834.538
816.726
794.613
765.13
731.154
697.433
662.681
628.379
602.249
581.022
562.043
539.765
511.277
472.185
426.665
391.281
361.823
332.119
307.656
298.379
287.554
267.68
250.13
236.657
224.198
208.112
187.741
176.007
166.239
154.957
136.581
127.954
112.011
96.9988
78.6929
53.5631
28.4075
4.08907
-7.2253
-15.641
-20.3409
-28.0439
-31.4934
-30.5578
-23.6213
-17.5873
-19.7967
-13.4251
-15.3095
-10.2055
0.190802
8.7751
10.5864
15.0471
13.756
8.72203
4.26485
-2.27962
-8.84905
-14.4207
-20.8081
-24.3137
-21.6259
-19.8394
-19.4652
-15.1973
-9.67808
-0.203031
5.29254
770.452
794.632
817.258
839
856.046
872.387
897.671
909.936
907.256
897.563
880.471
857.247
833.552
818.575
799.899
771.885
739.326
706.72
666.496
625.215
592.679
565.431
540.698
515.425
488.616
455.617
413.703
375.703
347.093
326.234
306.282
297.776
292.459
272.664
252.271
236.009
216.273
198.312
178.758
167.81
157.934
144.497
127.807
120.63
106.476
87.4892
65.7331
46.6487
20.7859
-3.87286
-23.289
-25.6817
-30.3542
-37.4962
-39.4518
-39.0398
-31.2045
-25.624
-27.4872
-24.8025
-21.2743
-13.0723
-1.55586
13.2068
21.7625
32.1198
37.7938
32.795
33.3189
28.9308
24.7656
18.9336
11.5882
10.2567
13.4117
11.8755
12.2385
15.7389
23.9401
34.3171
39.3857
769.542
785.9
807.175
829.585
849.734
869.1
891.35
896.077
891.066
885.269
870.76
850.78
834.197
818.814
799.127
771.098
741.289
708.039
670.771
630.362
588.7
554.351
523.842
498.016
470.738
435.658
394.753
363.669
336.346
316.677
302.151
292.928
286.167
275.2
255.469
233.287
212.922
192.523
180.839
168.021
152.915
134.832
119.097
112.38
98.6294
78.2507
58.8668
39.381
15.6293
-8.21051
-25.5152
-29.6717
-32.9433
-38.1847
-40.433
-36.9014
-31.3682
-26.4084
-24.7171
-23.8663
-18.8627
-9.27213
4.10485
21.2597
33.6137
45.7746
56.244
62.4346
61.2175
57.8566
54.8271
52.1648
46.1139
46.249
47.1305
48.7307
42.3468
41.6562
48.8015
61.3428
72.6764
771.229
782.45
800.364
819.238
841.271
859.562
878.832
884.182
881.26
873.541
862.94
846.45
832.576
818.907
793.661
763.634
729.589
698.047
662.997
621.028
578.776
540.92
512.269
478.545
448.554
416.129
376.93
353.102
331.263
313.613
299.223
285.875
276.469
269.748
255.137
232.527
211.821
194.049
184.017
171.308
153.202
132.243
111.051
98.8019
86.9592
69.2245
46.5371
26.134
7.8448
-11.5997
-26.1124
-34.5718
-35.6622
-37.9439
-43.2754
-38.3076
-28.4505
-22.1123
-21.0482
-17.7503
-10.0626
1.68697
14.4259
29.038
40.7865
57.2858
74.4122
86.536
90.5117
88.3494
81.4874
79.7851
80.2221
83.3203
85.6295
86.4995
77.6544
75.4655
80.1216
92.6366
103.683
775.466
784.342
802.064
817.475
833.583
848.637
861.997
867.679
866.279
861.378
847.724
835.893
823.62
807.453
779.33
744.427
709.531
678.354
645.006
605.745
565.253
527.455
493.649
456.413
424.102
391.982
361.837
341.145
320.426
308.44
294.58
278.502
266.817
258.886
246.022
227.926
207.463
193.941
185.669
174.253
157.051
132.406
108.785
93.4648
78.999
55.7703
36.1686
19.4641
5.32443
-11.2463
-24.9861
-36.1789
-41.0226
-42.4784
-44.1704
-37.399
-29.0646
-22.3205
-14.6212
-6.96379
2.63966
11.67
26.938
41.2167
56.269
77.6094
99.0174
112.83
120.154
119.147
114.672
115.743
113.717
115.826
112.188
115.962
116.016
116.936
121.469
136.276
145.619
775.857
786.711
798.197
814.784
826.95
840.324
846.971
851.176
847.562
843.575
836.216
826.406
807.976
790.473
761.269
727.36
691.579
660.309
630.025
588.868
555.474
518.468
481.034
444.274
406.803
374.533
347.932
329.258
310.486
298.459
284.236
270.196
253.353
240.13
233.108
217.206
204.416
193.926
181.519
165.446
149.665
136.232
109.504
85.8296
67.3631
51.3397
33.2955
17.3478
3.07901
-12.4904
-21.7899
-31.5954
-38.0853
-39.5933
-40.6173
-39.5232
-30.4522
-20.1347
-5.29514
7.96953
19.2263
22.6738
35.5905
52.4113
71.2111
95.7162
117.526
136.115
148.501
150.701
145.757
138.968
136.172
136.556
140.952
150.289
157.156
161.504
171.991
182.485
192.223
780.987
790.14
796.329
805.675
815.865
834.748
843.438
843.288
837.948
834.156
825.952
811.86
793.145
769.203
743.363
713.488
680.064
652.041
617.156
582.255
548.078
510.401
472.519
436.02
399.139
365.852
340.738
322.82
303.89
289.523
274.858
258.92
243.527
226.12
215.199
207.22
199.001
188.163
176.028
163.652
148.546
131.155
108.784
82.8332
63.5139
49.5567
33.5849
19.3069
1.44245
-7.4809
-15.6319
-22.2086
-27.855
-34.0497
-32.8503
-29.7721
-28.0929
-20.499
-5.1171
14.461
27.1379
37.2228
45.9524
61.45
84.9983
113.532
136.016
156.575
171.636
180.131
174.934
163.95
160.88
161.795
170.699
184.769
194.586
205.804
220.628
230.515
241.291
782.835
789.404
790.197
796.029
807.392
825.198
840.593
837.276
831.751
826.309
812.791
797.3
775.825
752.015
726.117
697.296
671.996
645.816
612.717
579.762
547.554
510.98
472.978
434.858
394.922
366.72
345.511
325.648
301.658
282.801
266.715
254.455
240.272
222.487
206.37
197.777
191.329
184.396
174.226
166.765
152.77
132.585
110.151
84.6041
64.3016
50.9179
38.2634
25.4133
10.053
-3.70052
-7.69902
-9.20792
-13.7909
-19.1255
-22.4975
-19.7609
-18.6641
-15.2181
3.01125
24.5537
33.9168
48.6811
60.853
75.7369
98.5321
122.747
152.495
176.201
192.076
201.071
199.412
196.383
196.241
199.846
209.533
223.691
238.948
255.236
266.245
275.581
284.078
785.266
784.527
785.225
788.879
801.169
818.518
830.288
831.501
825.491
817.165
800.241
778.938
756.453
738.527
716.598
690.057
664.93
639.119
609.593
580.89
550.481
514.497
476.128
434.74
391.891
365.836
348.546
327.158
303.641
281.364
262.956
247.364
233.39
221.802
207.702
198.068
193.914
185.163
177.552
166.534
149.51
131.517
109.416
86.975
70.2292
57.2939
45.6179
32.9493
19.276
4.35947
0.710298
-2.72656
-6.35371
-8.92016
-11.1071
-11.2813
-7.34296
0.585982
19.1719
37.6395
52.9954
70.5673
87.3203
100.34
115.212
136.49
166.394
192.401
212.5
225.123
232.773
235.163
234.713
242.831
256.045
272.453
289.873
304.022
313.583
320.785
325.283
