22.896
93.352
5.18016
-70.3366
-22.9834
67.2281
-34.2612
-27.3075
10.8508
-17.4374
-43.5189
-41.8822
-13.6163
100.443
187.725
264.081
359.899
493.307
565.265
717.796
848.882
805.843
704.253
606.535
332.447
135.824
-11.293
-149.726
-45.1432
-53.2126
-92.2554
-61.2703
-134.121
-146.089
-289.614
-408.693
-480.494
-439.823
-410.481
-452.01
-371.602
-333.714
-277.678
-216.836
-234.273
-347.974
-253.551
-283.168
-271.03
-354.543
-431.371
-529.609
-599.844
-617.948
-576.244
-623.912
-597.802
-594.636
-563.239
-420.948
-360.939
-242.672
-69.5453
-103.913
-71.5005
-151.451
-120.793
-52.6848
117.658
102.416
31.5311
-111.72
-108.813
-94.7721
-65.1682
-97.3446
-173.151
-223.096
-315.635
-360.187
-366.953
-182.438
-119.351
-155.38
-146.76
-111.1
-60.7185
-92.2215
-49.9577
119.769
136.935
69.5543
22.3034
18.524
33.3382
137.435
222.503
338.983
379.121
460.438
584.669
689.317
643.917
552.784
466.944
262.042
8.20719
-42.3343
-136.103
-44.4264
24.2893
-105.629
-79.7597
-156.512
-199.789
-368.298
-464.808
-521.243
-576.169
-603.708
-576.751
-495.089
-375.052
-325.327
-250.475
-261.114
-284.339
-236.788
-220.504
-268.981
-291.256
-418.115
-483.081
-576.172
-532.345
-531.313
-567.6
-556.482
-547.443
-405.508
-331.54
-247.408
-171.318
-2.04513
85.9115
96.468
-26.4946
-59.4653
-115.628
-7.30315
25.0713
-0.821001
-45.0429
-119.058
-116.44
-84.8662
-36.0631
-34.0619
-132.07
-187.747
-238.584
-276.303
-246.19
-289.763
-267.988
-241.4
-174.739
-223.553
-175.343
-19.3498
80.9188
100.984
80.0841
82.6532
-7.89999
-55.5301
35.5173
179.934
278.287
409.099
406.508
539.636
608.915
561.42
455.95
352.006
255.401
80.8149
-56.7821
-98.183
-53.4825
-14.9102
-109.78
-96.2355
-125.2
-148.532
-232.22
-455.887
-516.575
-563.406
-638.747
-666.149
-568.387
-373.863
-223.737
-186.748
-188.516
-254.601
-290.811
-247.559
-230.924
-289.651
-324.685
-414.062
-458.757
-462.076
-449.576
-528.768
-592.104
-550.733
-411.866
-299.396
-238.803
-114.182
36.4429
178.845
146.856
80.1306
4.45256
-105.93
-60.4141
-5.39881
41.5211
12.6922
-100.807
-87.2207
-33.0157
5.78093
48.9903
-21.5952
-121.473
-156.905
-176.439
-254.507
-372.079
-413.855
-367.132
-267.948
-222.176
-187.177
-120.686
-49.5591
-24.5888
24.9141
25.1765
-56.2208
-55.7921
-59.0268
70.4394
245.116
311.362
411.368
474.97
476.761
463.421
323.557
264.05
157.384
62.9697
-125.395
-131.085
-106.328
-97.9402
-112.726
-92.7926
-80.1144
-86.4937
-165.83
-375.114
-490.952
-569.968
-638.447
-627.988
-482.298
-308.937
-164.321
-68.6485
-166.563
-123.024
-229.849
-268.679
-241.366
-210.55
-249.243
-360.462
-390.476
-475.363
-393.375
-465.134
-544.908
-503.723
-360.183
-210.613
-161.652
-165.933
-20.0214
170.6
155.076
4.17468
21.3561
-122.326
-101.058
-128.593
-92.8949
-26.851
7.52302
38.0485
45.3969
70.166
22.919
69.4894
-63.7717
-68.7884
-99.35
-297.237
-274.347
-281.197
-314.225
-251.973
-169.201
-149.152
-106.089
-27.642
-81.0229
-76.7407
-72.4725
-90.5415
-129.172
-71.2878
-9.34228
121.99
279.9
315.724
303.922
317.851
280.979
133.306
157.532
118.751
-26.7647
-52.3192
-137.697
-217.341
-208.977
-175.27
-78.2061
-48.2897
-27.6518
-139.384
-298.697
-354.134
-415.644
-520.725
-502.585
-324.349
-123.182
-49.678
9.65417
20.5474
-8.40695
-143.462
-183.809
-200.622
-172.985
-195.597
-289.135
-316.75
-321.774
-355.962
-397.359
-434.576
-341.517
-323.141
-264.656
-174.907
-144.417
-40.6713
54.2753
-54.5437
-105.597
-139.216
-85.8028
-164.602
-185.697
-166.426
-83.2129
-44.8074
19.5635
6.45356
-6.96279
10.1347
-16.3389
-64.8928
-38.1546
-45.992
-160.029
-200.287
-156.393
-257.492
-242.5
-100.35
-8.10862
-32.2722
-4.27162
-86.9533
-102.004
-61.6758
-100.707
-77.9268
-47.0355
10.3142
84.0566
164.491
221.213
138.781
192.841
118.444
136.565
150.157
81.1914
21.7123
78.9196
-87.7343
-160.642
-207.026
-112.12
-95.3611
-98.0296
-64.3292
-83.606
-138.07
-176.188
-264.418
-290.122
-193.695
-132.897
-0.622433
71.1207
114.671
73.6316
80.5826
-69.3927
-127.351
-122.557
-54.8718
-133.113
-248.398
-262.642
-310.712
-223.515
-269.804
-344.813
-295.867
-209.455
-315.235
-293.639
-208.857
-111.489
-90.4569
-136.457
-231.957
-214.832
-194.19
-241.467
-297.075
-258.037
-216.212
-143.561
-78.5331
-68.5647
-138.791
-103.219
-86.4145
-94.3571
-21.9475
41.6177
53.6732
17.8281
-8.63779
-109.152
-13.6391
53.9782
64.7453
-84.5309
-111.241
-89.481
-62.5834
-74.7042
-85.5811
-66.6376
-31.0449
53.2283
21.7311
2.68712
13.2899
-34.3201
33.4309
76.071
120.022
79.3672
77.0088
131.73
90.299
-66.6673
-151.73
-152.881
-49.9121
-4.73148
58.3816
4.03841
24.3468
-16.9826
-39.3309
-128.613
-121.858
-9.3016
69.5621
93.518
164.38
226.139
137.59
88.8716
13.9671
-96.1375
-49.9399
-11.8143
-93.5231
-96.5111
-184.095
-228.396
-171.146
-167.883
-170.232
-179.35
-144.646
-205.193
-248.639
-153.996
-183.323
-155.614
-236.233
-229.198
-255.985
-162.742
-190.922
-246.073
-289.269
-287.855
-212.342
-165.38
-273.648
-258.238
-230.991
-287.553
-187.01
-41.4806
73.7866
91.6768
25.9976
-19.2892
-39.4057
-29.7891
-2.5819
-39.1394
-159.717
-210.021
-157.502
-90.4507
-92.3292
-100.459
-20.3011
44.0643
9.64598
2.85232
-95.0943
-125.122
-224.737
-56.2375
-23.8711
-0.393041
-2.48759
105.151
110.191
36.4687
2.34469
-66.4547
-30.7746
32.7846
77.5091
125.311
73.413
113.367
153.853
83.0587
38.9452
29.8546
40.7005
99.4316
146.029
204.592
216.109
238.645
155.375
74.3896
58.4165
-2.89798
43.936
47.9937
135.405
9.19549
-115.647
-197.585
-122.811
-112.239
-161.764
-132.067
-173.105
-195.893
-171.184
-145.886
-243.172
-283.126
-255.691
-210.192
-219.998
-225.304
-251.892
-215.408
-259.669
-233.857
-262.995
-338.652
-475.119
-491.808
-436.246
-297.873
-212.268
-212.814
79.6488
5.85669
-29.6691
-102.101
-130.396
-88.022
-150.125
-191.687
-207.007
-96.1564
-155.126
-52.992
-113.946
-32.2893
4.13199
-41.053
-24.9289
-140.009
-156.011
-137.398
-115.728
-131.195
-190.686
-91.9453
57.74
52.7012
-31.4554
-15.0706
38.2012
154.8
239.374
285.664
239.976
280.995
348.621
366.473
321.823
196.748
147.198
157.444
252.572
212.018
209.472
176.055
221.488
199.73
127.623
98.8482
163.24
215.645
209.252
175.44
88.6672
-86.4274
-96.3471
-117.19
-130.049
-232.186
-136.626
-187.122
-164.123
-253.742
-288.991
-355.276
-368.792
-287.571
-274.963
-295.166
-304.561
-242.002
-235.701
-256.759
-419.944
-389.356
-500.306
-665.565
-694.298
-600.072
-494.451
-410.206
-368.577
57.9112
23.4868
-39.6027
-85.5994
-120.402
-122.517
-176.482
-174.015
-217.237
-168.142
-127.113
-59.5782
-109.789
-57.724
-31.2102
-44.5749
-93.3429
-89.1119
-132.408
-177.654
-114.64
-165.75
-164.202
-70.1843
22.7838
-36.3716
-58.8683
1.77347
-12.1168
153.857
310.168
346.846
499.552
520.778
565.18
478.005
424.357
326.157
207.404
199.565
249.404
191.104
195.025
168.404
117.282
230.57
218.734
192.164
219.927
222.73
260.456
202.746
95.5136
-44.4053
-129.718
-156.659
-111.759
-193.081
-176.856
-255.06
-237.269
-308.132
-382.66
-443.676
-431.269
-446.458
-365.746
-222.133
-238.803
-233.335
-240.058
-264.652
-505.006
-595.938
-699.894
-786.8
-822.008
-760.185
-740.612
-609.638
-556.867
-2.9068
-24.9683
-45.4125
-16.8787
-71.0224
-191.921
-225.327
-169.904
-181.679
-195.666
-114.491
-64.0197
-84.3217
-8.1922
-13.0853
-133.879
-90.1624
-109.342
-170.04
-182.722
-189.473
-100.243
8.89059
33.3157
34.6791
-17.0984
-77.9574
-46.6834
40.4985
102.246
297.034
481.854
605.048
607.296
677.315
574.274
547.62
337.738
263.224
254.848
262.704
188.548
146.327
135.366
199.698
264.105
219.159
181.383
204.855
220.672
235.196
272.446
182.211
-73.5633
-160.159
-147.72
-132.03
-161.701
-210.584
-316.702
-299.803
-347.865
-376.105
-419.113
-454.032
-515.469
-394.433
-206.884
-190.12
-234.935
-267.916
-323.616
-586.042
-745.37
-815.974
-947.325
-948.517
-886.664
-877.286
-811.172
-754.297
-86.4378
-38.53
-60.8584
-17.5942
-32.3991
-146.435
-158.348
-140.881
-159.053
-134.881
-117.043
-51.3436
-8.82201
64.2273
48.4962
-36.1032
-77.8813
-88.3387
-125.01
-195.973
-148.852
-50.7092
9.58073
25.1124
-89.1505
-67.9193
-131.256
-93.3338
-35.6729
114.225
303.892
505.821
602.388
624.342
608.718
589.5
565.42
420.785
306.833
295.1
219.736
90.9715
132.745
125.732
177.703
313.415
234.211
226.061
244.698
275.246
308.009
265.624
197.564
-11.2771
-130.415
-112.457
-90.645
-85.051
-189.856
-209.113
-303.949
-372.705
-401.517
-391.564
-311.603
-417.384
-409.937
-198.703
-174.195
-173.758
-342.976
-421.662
-636.28
-819.454
-922.719
-1090.9
-1156.2
-1060.97
-1013.85
-928.399
-959.137
-5.48973
-26.4322
31.5693
31.8504
85.071
-8.29022
-27.5985
-21.8429
-10.1963
48.0315
18.031
39.3582
87.7515
90.0978
72.8353
57.9925
23.2599
-34.2738
-36.0695
-108.104
-73.3434
-21.3298
25.4483
-2.4277
-126.907
-183.138
-211.551
-151.909
-50.0036
108.319
324.803
442.156
490.98
484.34
569.259
513.306
481.304
377.974
277.752
261.012
236.646
225.749
195.026
146.615
189.237
248.054
254.478
254.575
259.897
258.123
238.809
175.046
113.229
-9.04856
-40.5343
-18.2331
-119.311
-121.389
-171.166
-204.984
-249.702
-323.208
-443.341
-363.967
-371.358
-505.559
-449.5
-205.775
-67.2077
-73.4849
-228.057
-427.181
-708.151
-889.754
-1021.32
-1072.94
-1117.68
-1113.63
-1089.56
-972.416
-934.235
92.9642
103.69
195.067
228.774
176.151
133.561
210.041
194.322
123.583
162.846
151.146
160.692
247.062
163.628
79.2116
74.1075
116.822
94.0641
8.80125
-44.4076
2.53835
36.9385
-42.0579
-52.3672
-113.674
-146.151
-211.432
-185.777
-141.636
40.9584
272.408
400.626
423.863
441.49
390.646
408.734
381.886
354.988
251.259
268.737
227.255
217.31
211.862
139.839
177.286
179.412
182.004
195.185
131.68
201.93
154.357
127.16
77.7404
26.3473
47.9693
45.6085
-19.7259
-104.52
-173.22
-194.901
-269.198
-330.58
-357.961
-272.605
-286.802
-426.146
-421.03
-236.606
17.3843
-21.5022
-227.674
-439.01
-664.817
-784.89
-988.139
-1107.59
-1174.66
-1246
-1177.11
-980.759
-887.525
239.187
282.499
371.516
374.211
280.343
275.148
330.485
348.802
344.03
258.529
312.967
308.897
331.608
338.657
235.827
126.766
201.135
226.812
178.679
70.5611
70.471
98.6744
48.2111
-32.2949
-22.7201
-101.277
-160.507
-113.125
-42.8838
127.507
232.084
288.029
299.822
331.837
393.115
380.418
408.466
342.696
287.203
277.401
253.018
272.642
213.145
164.374
110.873
59.0531
70.9022
23.3639
107.56
131.114
117.149
119.443
111.897
134.578
81.3892
89.751
-34.8384
-136.722
-199.47
-231.225
-258.478
-318.995
-272.582
-244.869
-225.549
-307.031
-252.595
-78.9156
8.0741
-5.6005
-211.53
-359.662
-487.192
-631.696
-893.241
-1040.09
-1121.35
-1177.65
-1209.76
-998.163
-763.638
383.137
315.893
479.714
441.344
432.278
485.402
482.926
434.507
374.076
290.997
235.238
285.006
288.658
351.274
320.576
282.107
219.765
285.449
285.434
277.458
196.992
107.719
102.383
121.832
111.941
69.8757
-75.7263
-112.541
-36.1591
140.858
240.645
200.688
219.524
273.283
350.126
306.787
350.349
379.209
305.541
230.348
169.274
202.709
168.335
167.619
117.045
-33.9896
46.4029
2.71205
86.5592
136.489
134.013
171.973
127.578
130.497
80.6371
36.0281
13.0942
-59.8624
-218.74
-206.288
-272.97
-351.925
-368.437
-375.822
-339.383
-299.251
-208.729
-45.32
21.428
-89.8866
-262.78
-373.798
-403.524
-489.423
-740.122
-894.552
-952.471
-1129.83
-1152.71
-1029.3
-809.213
461.02
438.299
497.447
502.612
542.877
536.049
605.162
461.298
419.471
405.443
313.486
211.495
184.492
274.012
362.678
366.129
258.072
263.716
261.917
303.139
293.987
184.207
202.678
226.45
218.624
97.3891
14.2119
34.9338
78.1477
190.653
203.367
149.688
118.299
192.42
237.103
290.459
307.377
323.296
222.562
117.917
96.1485
204.92
143.541
103.806
89.0024
45.9308
11.0088
97.6871
161.451
218.291
136.774
104.802
100.644
164.884
64.445
87.3143
53.8976
-101.057
-199.444
-255.051
-316.826
-338.774
-471.38
-463.485
-420.787
-364.961
-240.767
-127.373
-93.0382
-127.242
-207.549
-262.262
-297.383
-406.053
-571.505
-702.777
-866.695
-962.204
-1014.86
-1026.26
-713.253
553.065
496.708
600.304
612.839
627.466
669.748
641.207
638.014
513.832
445.552
341.876
251.118
236.227
252.263
351.65
372.086
273.307
182.054
189.58
179.083
280.345
264.738
278.218
217.911
132.52
96.1205
78.1356
115.697
171.312
252.463
210.379
169.165
162.275
190.128
224.264
195.698
274.198
247.584
163.747
116.838
77.3294
98.8425
31.4785
47.7107
36.6737
46.2939
17.6321
144.38
94.6856
219.683
228.085
159.6
168.832
124.704
80.3174
63.0115
75.9895
-55.1445
-211.422
-282.962
-385.485
-361.172
-383.502
-441.626
-496.11
-418.479
-294.862
-146.682
-129.078
-170.068
-232.748
-341.911
-338.027
-367.13
-490.101
-629.95
-767.709
-831.664
-891.704
-818.529
-596.658
564.389
619.497
610.956
691.856
705.266
778.115
758.535
713.816
613.034
561.05
497.384
399.177
379.359
450.149
380.977
364.369
302.388
163.261
129.819
167.225
292.553
345.745
299.66
213.313
135.267
123.446
90.1668
96.9085
179.93
194.635
220.117
187.956
267.637
280.128
316.518
169.239
148.187
173.302
95.6651
105.109
55.9669
-4.05355
-47.1635
-55.3302
-45.1985
-117.685
-85.0476
-39.1415
46.3507
189.591
224.508
189.363
199.017
82.7334
4.81859
7.07722
64.739
-78.1963
-251.482
-358.731
-440.423
-355.648
-360.045
-472.611
-572.282
-480.303
-320.536
-184.332
-217.399
-226.016
-305.613
-402.567
-439.695
-396.614
-462.698
-582.712
-660.548
-712.327
-752.588
-726.788
-533.694
429.733
530.491
612.322
661.495
737.407
859.701
855.55
745.421
719.559
730.918
690.352
610.65
554.109
552.999
501.62
452.523
397.659
244.9
189.398
173.159
266.824
256.832
219.561
214.494
164.001
104.305
-9.24655
23.1965
41.9667
149.646
129.894
170.89
310.907
349.85
316.972
205.599
152.837
126.147
135.187
62.6089
-37.1643
-106.804
-159.333
-72.1569
-125.685
-139.726
-152.451
-88.5863
-86.5507
113.602
166.139
36.6857
88.8316
32.3936
-24.6819
-53.2017
-74.2118
-235.351
-393.116
-453.021
-504.382
-451.344
-468.975
-508.71
-566.303
-570.914
-347.022
-167.458
-143.62
-211.708
-308.205
-374.482
-414.597
-412.545
-419.925
-477.371
-573.6
-621.572
-691.245
-718.206
-596.549
350.292
453.138
594.003
733.041
808.664
840.44
827.211
793.797
831.132
772.74
791.544
747.242
593.619
535.905
576.304
574.169
472.952
279.187
190.024
133.71
117.249
64.6723
165.792
218.304
205.432
177.03
-33.4562
-48.4687
0.4055
47.4567
103.686
45.6541
233.783
409.318
284.231
271.948
236.012
206.775
220.515
100.222
-33.8291
-150.59
-168.507
-154.776
-144.128
-117.023
-163.074
-172.057
-80.0228
-50.0017
8.20211
-53.6172
-122.758
-187.06
-194.5
-277.948
-334.297
-422.277
-600.31
-604.352
-520.159
-436.144
-436.774
-454.237
-495.547
-479.228
-360.471
-253.859
-204.278
-256.778
-309.574
-313.44
-340.728
-331.036
-322.233
-394.155
-468.01
-488.736
-535.545
-626.545
-586.217
259.093
425.021
498.618
631.382
817.015
791.058
730.942
809.597
824.867
842.749
873.43
788.717
682.938
586.366
567.181
550.855
446.636
325.592
273.653
108.86
15.6109
-5.51502
130.495
234.908
293.199
213.204
65.0383
-16.1035
-43.3421
-57.1724
-46.5272
27.5261
213.266
372.426
365.23
402.814
320.594
295.676
256.615
156.754
-29.9375
-60.4543
-122.54
-62.605
-89.3132
-126.672
-139.174
-80.5365
-74.8177
-50.8948
-42.281
-138.703
-229.535
-293.488
-416.479
-479.861
-465.778
-491.95
-610.818
-634.945
-614.432
-442.147
-355.178
-379.009
-409.815
-445.568
-406.144
-358.732
-280.428
-286.203
-295.492
-262.617
-257.507
-218.456
-230.194
-281.818
-347.214
-349.421
-457.465
-522.5
-512.155
156.963
355.364
478.569
583.622
745.943
759.72
769.984
866.045
934.924
830.97
871.9
865.93
710.444
619.996
474.068
435.031
417.411
317.02
259.128
164.824
54.0623
33.841
56.6149
142.642
145.94
150.592
108.249
76.2255
-4.92909
-179.746
-146.184
12.9976
150.273
282.739
338.841
365.485
249.013
187.224
260.343
187.337
79.0376
-25.6162
-91.6702
-54.1728
-51.6395
-64.1972
-167.219
-113.465
-76.9276
-60.5469
-72.7444
-191.305
-309.391
-325.213
-475.345
-600.465
-474.398
-519.934
-618.856
-613.745
-529.914
-371.298
-224.616
-302.724
-342.307
-404.25
-373.071
-402.363
-272.373
-258.752
-360.466
-269.502
-142.66
-208.807
-209.037
-262.674
-318.134
-340.141
-413.538
-457.901
-450.976
224.42
425.644
585.968
631.249
779.434
828.438
901.974
976.379
1012.26
875.338
908.805
789.429
649.712
618.59
473.058
293.499
211.982
121.611
166.694
265.414
86.6821
30.3735
-9.68654
23.0345
139.647
142.601
-41.0648
17.3936
-38.7182
-126.257
-84.9064
61.261
155.382
226.708
217.182
140.438
110.112
28.3488
56.9777
99.0326
56.9309
20.4394
34.8701
52.5223
34.4201
-33.4472
-140.28
-150.846
-88.3984
-93.4917
-177.177
-316.955
-297.347
-276.081
-353.457
-450.703
-511.326
-520.417
-592.021
-507.352
-376.813
-332.702
-254.52
-282.059
-326.511
-414.848
-491.666
-479.18
-366.672
-421.247
-379.015
-287.076
-184.428
-165.413
-187.455
-230.879
-301.849
-315.731
-388.545
-400.189
-425.815
190.826
391.052
619.181
615.118
766.622
854.005
958.69
1076.31
1090.11
1050.85
951.495
779.154
609.11
532.965
342.808
138.03
14.555
-26.6898
130.948
222.131
127.108
52.0121
-22.0481
-47.1743
88.7165
35.6732
-98.721
-40.2938
-55.3031
-48.7932
-16.5149
128.131
151.196
213.145
211.308
138.53
125.672
34.6977
31.8411
35.7634
90.9365
4.8742
19.5554
36.7687
141.169
79.5696
-37.6548
-26.0803
-77.6262
-96.7642
-244.92
-258.75
-228.832
-323.355
-388.758
-416.782
-499.776
-583.237
-546.649
-431.906
-283.551
-330.665
-344.349
-278.32
-366.099
-395.269
-493.355
-469.838
-459.249
-487.234
-453.629
-321.004
-179.004
-170.27
-131.212
-237.248
-293.294
-343.626
-346.271
-392.545
-377.239
110.82
349.064
497.805
642.381
740.643
920.333
1054.9
1086.23
1041.07
1044.32
909.472
812.075
650.591
429.658
270.556
79.7918
-99.9332
-65.1419
51.6481
84.1317
43.8381
9.31346
-50.5581
-72.6909
47.9332
-8.06502
-170.425
-75.8848
-130.947
-87.2977
-52.1351
124.804
236.178
194.723
145.743
106.948
135.732
152.468
75.8547
-15.4214
-14.7513
-26.3698
-26.8733
98.4852
155.985
138.292
75.8232
95.2162
-9.18154
-88.1863
-193.264
-278.335
-296.796
-326.946
-359.129
-416.542
-395.961
-462.265
-353.783
-254.544
-277.207
-383.505
-453.019
-380.203
-459.406
-445.853
-535.751
-490.741
-502.535
-552.217
-432.373
-297.88
-156.131
-86.1823
-102.699
-188.935
-275.617
-332.503
-368.371
-355.462
-316.319
195.584
278.258
438.867
599.129
668.897
889.306
1029.64
1027.62
983.644
884.939
753.405
722.54
580.335
319.416
222.088
96.1669
-19.8675
-148.684
-65.9702
-8.9016
-2.5492
-23.2119
-51.8259
0.183545
-5.99846
-104.299
-175.782
-149.723
-159.451
-110.91
-34.0409
36.8383
200.106
271.709
209.88
98.9194
124.045
27.1068
61.1837
-33.9803
-3.57477
-45.1843
11.906
173.303
161.017
86.3418
89.5489
-9.69609
-54.8218
-25.4926
-159.578
-391.986
-401.595
-428.575
-524.032
-477.087
-413.011
-411.135
-291.966
-256.716
-317.604
-461.631
-490.837
-515.442
-543.848
-553.953
-519.389
-510.007
-460.399
-398.135
-347.574
-251.929
-190.642
-144.909
-123.767
-242.139
-347.846
-383.835
-407.988
-309.512
-272.791
234.724
205.169
358.427
472.829
464.315
652.265
813.877
898.292
867.983
706.573
669.365
622.937
477.117
335.521
208.455
101.76
0.199964
-106.898
-57.1832
-46.566
-130.047
-95.5709
-56.1846
20.1662
-9.05212
-117.458
-149.444
-171.958
-235.689
-132.935
-43.2221
30.9009
177.979
288.774
294.536
203.392
143.112
72.1375
75.493
24.4771
-23.4855
-25.5598
150.016
175.6
168.637
111.286
77.9905
-3.97719
-92.3669
-134.762
-290.244
-463.764
-543.41
-545.48
-637.349
-554.436
-409.921
-325.348
-379.418
-351.801
-402.624
-432.867
-435.954
-520.218
-581.44
-583.177
-514.242
-441.312
-408.19
-389.975
-397.131
-332.892
-351.956
-302.017
-328.285
-352.849
-421.362
-468.119
-498.011
-335.241
-243.67
181.508
205.597
262.815
306.749
342.042
497.911
634.299
642.032
608.961
556.991
604.021
449.166
341.249
268.467
73.2428
93.3952
61.957
-60.6582
-134.526
-103.859
-188.052
-87.3356
-79.4496
14.7237
2.73062
-114.127
-158.066
-186.083
-173.708
-181.798
-64.3569
64.804
191.922
279.665
243.558
131.034
143.444
35.1768
109.434
146.105
106.508
148.395
149.388
183.037
170.532
69.5161
-25.6592
-60.3174
-61.8656
-128.347
-243.923
-442.998
-524.558
-632.213
-692.297
-597.771
-511.681
-402.199
-361.203
-342.607
-429.317
-396.509
-451.863
-573.072
-532.29
-527.458
-536.637
-458.888
-392.614
-401.913
-411.651
-427.424
-411.967
-446.764
-450.201
-499.646
-487.031
-469.014
-389.166
-311.05
-239.622
82.0853
126.379
92.0639
92.6062
189.216
342.703
431.557
387.827
416.115
415.83
433.706
309.871
275.492
217.398
53.5228
65.0516
67.7291
-12.8604
-77.1776
-70.576
-152.107
-149.528
-20.5818
-10.6678
-0.16618
-73.0875
-114.327
-243.945
-272.217
-143.915
7.33171
96.3465
192.014
233.328
156.981
75.7469
62.6146
-48.2259
67.7776
164.544
265.791
247.318
200.961
135.567
40.5986
3.46975
-46.9511
-74.827
-57.084
-98.0357
-223.239
-366.228
-487.929
-582.422
-723.936
-738.535
-519.916
-468.427
-354.426
-330.424
-402.404
-466.551
-477.662
-441.601
-461.732
-445.09
-452.806
-375.702
-336.603
-374.084
-298.841
-340.055
-439.862
-540.61
-533.301
-520.246
-465.92
-357.51
-347.381
-263.525
-211.531
-1.38021
-13.2281
-58.8921
-19.0876
116.535
231.517
254.907
157.893
271.72
331.752
375.513
300.573
292.625
247.468
129.878
70.8819
53.1372
-56.3994
-118.787
-114.536
-254.25
-177.999
-105.101
-70.8096
-133.203
-70.8164
-128.181
-169.301
-107.151
-54.1024
5.2486
144.456
211.593
174.362
145.753
93.1302
44.1042
34.4639
9.4703
131.707
186.278
207.537
215.54
178.753
48.0444
-6.62197
-70.6688
-86.8143
-52.897
-101.136
-186.103
-289.336
-390.698
-553.453
-652.395
-678.298
-586.228
-466.991
-309.672
-194.308
-217.841
-374.313
-479.752
-412.862
-346.395
-309.807
-368.959
-334.672
-364.907
-345.843
-252.645
-286.614
-391.878
-439.015
-445.51
-450.974
-478.958
-358.641
-300.766
-146.049
-158.346
-114.001
-160.567
-204.776
-91.1984
32.1517
112.156
173.891
134.536
208.627
230.224
293.121
267.806
233.32
183.646
168.132
136.2
35.5823
-62.2254
-148.661
-235.123
-337.493
-227.613
-141.349
-42.5343
-42.3021
0.817497
-75.2525
-36.7387
-82.7151
42.7071
29.9616
111.034
168.419
213.203
62.6651
60.1303
46.7101
47.2312
47.5796
96.4358
116.168
220.369
162.96
93.2525
28.3177
-30.7361
-58.3325
-59.7438
-89.4929
-87.6352
-170.352
-241.45
-389.346
-434.381
-465.501
-507.724
-434.867
-361.722
-274.884
-90.0726
-89.8753
-209.123
-331.011
-294.566
-262.423
-276.949
-158.559
-227.105
-267.548
-319.319
-270.266
-295.156
-292.238
-392.524
-428.638
-527.974
-509.687
-375.789
-248.855
-133.608
-98.8616
-234.646
-236.361
-306.857
-175.376
-78.5372
10.1168
89.2432
124.031
165.291
210.015
262.319
238.199
288.222
271.391
153.652
58.6245
-22.5236
-118.367
-219.392
-376.333
-395.533
-305.43
-132.221
-6.8653
64.1756
107.138
-14.7119
-5.90822
7.43554
13.8546
-15.0818
46.9119
40.2025
62.7394
33.8436
13.2257
66.4458
-16.282
-11.8425
21.0288
118.281
198.401
106.954
104.272
-19.2391
-97.0356
-88.515
-133.824
-192.559
-216.593
-195.05
-268.642
-282.499
-338.204
-332.025
-323.226
-317.776
-251.542
-91.4061
42.245
15.5777
-141.955
-207.076
-224.023
-189.276
-132.041
0.860971
-65.5037
-166.146
-179.49
-158.556
-220.797
-245.659
-371.596
-460.35
-561.666
-505.643
-340.739
-113.793
-81.6316
-153.326
-231.342
-319.096
-331.437
-197.947
-74.9922
47.09
136.588
131.75
178.088
226.155
209.735
230.61
268.158
260.03
133.46
15.8112
-88.3797
-167.936
-339.738
-509.258
-529.923
-417.431
-214.998
27.2391
160.702
173.484
137.239
75.515
0.469722
20.4956
-35.2846
-72.9487
-66.0919
-36.9178
-12.3361
-20.8162
78.1901
39.6699
-0.0782634
53.9398
74.0932
64.5855
79.9715
40.2536
-34.1128
-162.259
-171.037
-214.825
-213.219
-235.675
-171.441
-141.972
-199.665
-253.903
-261.569
-238.001
-211.913
-125.762
14.2987
19.2875
-16.0091
-52.0303
-110.706
-111.914
-109.384
-72.5942
93.9237
32.2758
-63.9851
-65.5509
-74.6299
-117.004
-199.246
-260.996
-354.376
-485.432
-489.673
-301.456
-118.074
-142.576
-167.484
-186.981
-219.207
-222.965
-149.114
-32.8506
72.9723
136.634
94.817
71.4311
115.287
198.154
299.885
294.728
215.521
58.1212
-46.5337
-174.347
-253.648
-355.784
-511.495
-507.936
-426.726
-156.941
47.7155
161.081
152.768
159.261
138.278
-12.308
-60.4034
-74.3693
-30.2341
-67.5995
-31.3713
5.02293
58.7277
113.628
51.3001
-3.12397
-78.2527
-23.8924
-93.0628
-45.6008
-93.4207
-108.841
-136.429
-243.162
-345.683
-316.955
-217.172
-163.399
-122.068
-156.566
-236.966
-273.402
-240.945
-237.634
-175.179
-17.7111
-1.11238
-9.83854
-14.3528
-30.1551
11.7652
50.3896
121.59
168.592
109.035
91.7776
100.764
3.36253
-65.0541
-106.202
-186.128
-330.484
-317.719
-280.822
-160.591
-136.503
-165.095
-255.155
-214.78
-272.579
-251.913
-271.792
-101.954
-34.8818
77.7062
83.9845
36.7819
67.847
113.314
210.846
253.712
248.559
135.278
-1.87678
-86.9789
-231.827
-357.373
-421.661
-438.276
-340.055
-177.219
0.206919
135.072
156.611
145.205
117.609
24.055
18.8944
93.5836
68.8639
100.875
116.021
138.27
196.296
104.91
-22.8124
-148.872
-244.661
-162.688
-177.719
-180.79
-151.079
-143.015
-249.901
-366.996
-414.419
-421.2
-272.432
-155.927
-99.9289
-146.906
-218.17
-314.27
-344.038
-309.933
-179.115
-103.201
-102.969
-56.0865
8.4827
76.025
159.767
197.246
306.041
313.461
266.408
263.495
250.429
77.1167
-3.93644
-31.2406
-73.2805
-206.321
-203.915
-264.28
-210.094
-196.99
-139.082
-247.583
-130.257
-232.657
-207.633
-233.854
-147.66
-88.3549
1.66293
41.076
20.0677
15.3465
117.407
199.654
204.806
237.671
205.429
66.5831
56.1178
-186.299
-306.763
-322.334
-398.684
-264.108
-120.179
-43.6807
-4.18201
26.5123
53.7402
56.038
81.3317
126.458
278.238
288.615
262.054
332.167
341.575
237.492
104.998
29.6134
-113.855
-182.5
-246.153
-239.638
-294.003
-335.246
-316.026
-319.734
-396.706
-478.576
-395.236
-231.653
-102.374
-25.3324
-31.0686
-102.1
-167.367
-193.073
-174.328
-156.578
-168.22
-123.827
-30.8284
157.113
232.623
300.029
363.715
442.691
425.057
423.348
323.047
259.747
180.593
80.771
-3.59404
-11.7485
-137.246
-239.541
-230.011
-151.364
-130.469
-145.367
-273.499
-122.053
-202.378
-196.114
-207.861
-184.092
-138.309
-67.3218
-22.7086
-10.8319
-45.6632
-24.3999
68.3304
105.336
194.467
162.689
69.278
21.7377
-195.23
-295.391
-319.988
-347.851
-333.733
-209.858
-75.7409
-59.4463
-47.3342
44.2265
80.1117
133.892
259.711
382.232
446.93
395.858
417.47
445.537
428.861
259.278
94.1089
-26.538
-161.497
-271.139
-336.228
-428.262
-429.637
-402.918
-398.911
-360.708
-304.866
-241.208
-108.377
1.6112
50.5228
50.1324
91.9543
4.71931
-32.1164
-106.521
-121.099
-94.7965
-116.08
49.5867
220.218
300.308
435.254
505.234
480.595
478.026
439.182
369.48
253.152
135.359
65.5164
110.298
41.9134
-146.733
-233.813
-290.25
-182.693
-115.989
-140.963
-228.871
-125.303
-183.854
-165.918
-153.159
-142.468
-107.471
-43.8112
-53.0947
-6.02463
-19.7322
-42.7372
-16.7427
57.1139
125.004
116.833
66.8449
-59.9954
-237.336
-315.814
-344.523
-340.826
-283.336
-197.192
-77.1081
-34.7346
-11.0182
143.391
137.503
200.302
277.788
335.702
472.95
420.529
427.172
497.374
496.584
395.895
283.226
157.73
-173.095
-267.629
-296.974
-405.426
-436.578
-403.757
-321.999
-261.86
-322.613
-175.273
-135.468
-52.455
102.823
152.503
131.493
62.6939
41.2794
30.0485
36.0387
19.9216
60.5236
180.362
249.395
372.16
477.293
539.031
573.775
571.02
457.788
330.726
209.446
177.661
167.062
156.029
82.8709
-71.1419
-169.887
-222.015
-144.38
-127.526
-167.869
-161.383
-90.1363
-164.949
-121.464
-104.898
-94.6739
-66.5449
-10.0656
23.7607
75.1692
51.1006
0.567457
57.4852
59.2124
34.7612
93.1034
65.2721
-116.786
-294.106
-386.528
-402.948
-411.546
-329.009
-146.996
-62.2151
-30.8769
110.696
124.592
153.439
161.658
231.653
306.473
351.458
420.435
489.014
504.064
568.423
517.961
438.33
138.06
-112.077
-162.17
-242.018
-334.547
-400.613
-382.266
-276.644
-325.715
-287.413
-191.757
-31.8223
8.17461
49.9513
134.579
163.155
70.4164
57.6929
132.573
118.186
174.494
215.348
360.921
379.011
411.256
536.698
559.988
556.505
533.563
411.856
207.197
115.915
81.68
149.916
105.502
114.437
-25.6133
-116.663
-140.306
-19.3738
-60.57
-91.027
-192.521
-95.2079
-39.0716
-17.8049
-45.3099
22.7791
32.5135
-56.4443
-43.9336
-18.3548
33.3666
18.6438
-40.5622
-50.4406
-71.1417
-148.237
-236.304
-363.05
-508.058
-491.037
-485.714
-405.593
-442.523
-240.934
-162.12
-78.0448
101.758
95.0023
95.3576
106.7
228.19
261.309
352.242
430.073
459.582
466.676
524.737
500.443
380.737
65.6142
-77.6561
-118.021
-268.258
-284.604
-300.877
-327.409
-288.732
-277.028
-221.213
-160.084
-89.8187
-46.7802
28.1779
105.851
229.168
217.875
69.4651
108.321
164.296
322.261
432.475
426.624
493.725
482.521
539.382
492.364
557.278
543.685
363.579
142.461
77.7877
37.2489
97.1517
53.1814
52.6969
8.38632
-128.708
-143.338
-70.6025
-129.545
-149.99
-252.697
-6.51492
60.8701
4.67784
-10.1469
30.3442
46.6995
-67.9919
-93.9375
-44.9203
34.7302
52.5023
-96.4563
-116.393
-186.441
-238.087
-326.428
-510.58
-624.77
-586.422
-489.003
-437.253
-377.414
-297.13
-216.865
-156.813
-87.2429
-5.09291
-17.8479
27.7578
65.1218
116.758
276.092
257.072
320.176
357.177
391.087
335.113
260.393
86.8195
-9.84669
-99.6378
-187.326
-332.084
-262.717
-287.405
-227.282
-164.926
-197.574
-122.359
-121.806
-79.8314
23.5549
132.377
226.601
305.468
209.063
236.309
285.321
481.467
668.613
623.144
584.898
512.604
542.058
470.885
472.011
501.052
358.001
126.929
131.167
97.5401
51.816
105.341
66.5416
70.9978
-129.73
-163.809
-202.799
-203.591
-161.487
-105.235
270.701
132.745
28.1022
35.1606
-13.4163
-32.584
-119.449
-156.546
-98.7959
18.8297
-56.8585
-127.529
-89.5645
-239.535
-344.895
-403.461
-467.575
-522.821
-504.002
-396.44
-354.589
-393.415
-327.801
-186.609
-132.229
-141.012
-111.376
-121.293
-86.6342
-15.059
97.1752
101.013
80.7834
190.162
288.3
261.041
232.565
220.974
143.248
-25.7412
-89.2308
-186.267
-265.271
-206.473
-218.969
-157.453
-46.7619
-73.5955
-104.223
-126.178
-5.05531
18.1539
114.863
238.387
286.468
283.224
288.731
409.477
616.538
758.771
758.783
601.898
557.655
523.87
349.21
398.179
403.207
285.651
170.314
148.499
52.7175
35.1517
25.4647
24.2589
41.9799
-142.936
-239.794
-331.862
-268.464
-122.809
-47.9645
274.317
227.332
135.118
93.7287
-12.4709
-63.0521
-67.9345
-193.054
-117.907
-64.2086
-89.4219
-119.041
-146.421
-286.453
-449.756
-442.06
-391.044
-380.048
-419.106
-327.126
-386.348
-407.796
-281.102
-165.627
-166.463
-163.207
-177.734
-253.452
-208.568
-62.8748
-17.0984
-4.91349
-10.9141
121.772
167.513
157.383
159.109
110.456
9.65437
-23.2319
-41.8925
-54.6538
-101.057
-94.5538
-51.2486
-1.12727
94.5318
49.5903
-1.20412
-41.5493
-50.4259
50.6115
77.2316
271.445
301.274
385.489
484.28
610.241
722.791
819.463
646.01
572.021
500.635
473.872
344.252
332.26
328.247
267.176
211.795
97.2725
13.4929
-11.1305
-15.3638
-12.7379
-34.4449
-150.407
-221.652
-299.844
-219.491
-146.612
-115.475
367.38
335.034
188.424
86.3128
10.4726
-62.6741
-178.573
-192.211
-210.449
-234.994
-277.849
-184.457
-183.872
-240.871
-395.81
-468.514
-371.787
-299.124
-351.48
-329.262
-327.023
-324.778
-270.943
-197.753
-234.86
-248.464
-265.341
-274.421
-254.505
-187.649
-134.483
-45.6818
34.713
70.3893
120.944
125.13
24.2864
-43.2381
-92.1934
-29.0249
-0.200542
69.4399
67.7506
20.1539
1.5529
12.3479
97.0558
164.789
84.4771
-12.7267
-42.5966
9.90838
150.51
246.372
296.187
395.685
514.435
628.888
766.93
741.298
553.537
484.479
438.799
448.672
359.13
331.4
236.894
289.164
295.27
100.426
6.09051
9.20067
-27.8363
-96.2984
-182.308
-133.908
-169.69
-210.1
-161.371
-120.281
-211.183
377.943
454.874
267.416
130.396
67.6931
-124.6
-138.882
-168.887
-285.585
-311.512
-330.556
-250.554
-203.029
-214.668
-332.381
-290.556
-327.398
-238.818
-319.015
-374.457
-392.791
-289.849
-202.477
-220.164
-254.286
-291.116
-306.359
-310.658
-291.005
-247.891
-191.697
-89.3688
48.6991
84.0471
-15.1613
-14.5885
-206.974
-213.22
-135.208
-23.1177
-59.1299
75.746
202.577
218.611
204.708
48.3418
102.94
146.142
84.5427
12.8713
-51.4284
6.53185
129.429
173.961
256.519
328.034
465.46
590.938
651.599
613.63
460.828
378.638
431.229
449.823
375.092
302.824
346.225
377.924
390.55
227.151
85.8966
133.493
0.264759
-208.35
-260.959
-192.325
-168.086
-256.959
-142.934
-183.656
-234.253
457.836
443.159
341.131
189.268
79.0853
-104.086
-119.116
-163.167
-165.937
-307.682
-261.378
-219.94
-83.3264
-147.434
-221.005
-235.694
-220.328
-279.483
-305.187
-328.619
-378.883
-321.001
-347.381
-256.495
-303.761
-327.746
-393.317
-315.787
-261.694
-225.512
-134.104
-61.4178
101.176
113.728
31.7126
-98.2709
-212.618
-197.399
-148.362
-65.9619
-68.6155
112.309
238.741
272.61
313.083
227.022
180.352
137.116
82.5276
92.3404
38.2875
35.5573
89.9727
161.234
199.27
298.929
317.391
458.122
531.886
539.154
428.931
338.794
379.862
433.79
427.611
390.25
460.02
384.828
330.837
331.612
135.225
122.598
0.482976
-194.28
-129.943
-115.869
-144.869
-200.5
-184.428
-225.656
-138.246
412.568
334.329
324.897
235.452
182.627
91.6187
93.8435
6.29796
-8.2561
-108.182
-158.351
-128.22
-22.1547
-69.0757
-198.761
-258.382
-276.978
-270.919
-332.241
-398
-403.684
-368.307
-387.272
-417.268
-357.441
-397.294
-447.543
-411.587
-339.903
-257.381
-36.4999
92.2101
204.197
190.933
26.245
-29.6341
-53.7689
-80.3794
-111.27
-116.348
53.5488
173.374
345.517
362.849
333.439
354.224
322.966
183.088
129.604
158.29
154.514
107.864
107.735
125.166
187.151
252.338
263.416
388.223
415.946
385.013
308.349
295.059
380.001
443.066
421.997
464.064
454.823
405.347
306.694
256.688
77.6732
13.1593
-67.5904
-125.852
-50.2827
-73.7053
-124.017
-124.576
-148.53
-102.947
-42.4391
268.065
313.824
273.163
225.156
228.479
242.102
185.768
100.838
45.6033
-13.0114
5.73341
-10.2115
-49.0503
-114.137
-178.77
-215.098
-289.686
-376.916
-404.149
-418.492
-349.714
-408.075
-425.168
-478.414
-447.073
-501.604
-512.98
-558.25
-449.648
-224.914
-75.7094
104.808
181.166
268.215
138.462
25.6919
-9.17698
-8.65914
-37.061
-59.239
76.5805
224.567
337.705
332.835
233.946
234.594
177.769
20.3604
42.2966
-1.46008
90.0581
54.3199
144.241
227.37
259.136
202.559
189.107
238.746
266.941
270.214
234.676
200.334
389.141
414.005
352.975
439.497
406.422
393.336
262.344
138.633
-5.945
-55.9492
-73.8881
-102.109
-49.5794
-47.0608
-138.162
-85.4169
-62.0786
-74.2615
9.28002
325.017
342.302
369.402
287.735
324.424
309.222
221.301
128.386
94.0958
48.1086
60.9065
95.8669
123.186
8.64543
-64.6022
-125.425
-207.607
-285.167
-305.74
-379.518
-308.872
-351.494
-430.6
-463.713
-496.868
-586.509
-610.351
-645.976
-472.423
-410.703
-231.748
35.004
153.95
311.479
260.185
169.313
133.08
96.1714
32.9014
17.652
89.8565
180.153
236.038
220.029
207.845
169.144
92.2492
20.5906
-41.0841
-112.534
-58.0492
-27.0787
124.085
259.405
231.091
271.584
234.05
229.827
148.418
113.775
129.487
139.477
221.037
315.215
389.209
418.917
441.236
388.92
200.168
98.3248
-55.1528
-85.9977
-82.4524
-75.9934
-73.9961
-53.4712
-143.568
-70.628
1.55091
17.9415
42.569
434.654
432.836
370.442
381.698
401.979
400.668
290.984
176.561
26.5324
-25.9822
97.0761
167.462
130.298
90.3266
-7.23492
-42.4644
-152.379
-223.705
-267.663
-259.694
-275.287
-277.572
-424.933
-405.832
-508.648
-651.99
-648.415
-596.929
-554.184
-468.687
-326.466
-40.0868
134.838
293.469
329.657
282.093
214.55
102.051
60.8367
60.2486
92.3292
69.6839
41.1915
76.6013
65.988
79.0596
35.7453
-35.9367
-150.711
-174.592
-147.61
-19.7373
76.0311
168.97
194.815
244.616
306.1
280.248
195.41
154.342
181.23
199.768
212.509
228.24
289.827
360.451
357.543
282.953
216.206
0.138931
-85.9701
-140.021
-155.346
-57.7156
-10.8153
-6.30988
22.5776
-29.0604
-1.16711
23.3911
-24.8179
467.38
448.972
439.371
425.635
403.126
387.774
325.329
180.641
69.8049
-47.3076
28.8216
55.6212
23.8767
40.783
-42.8474
-80.5671
-137.899
-131.112
-246.635
-276.132
-321.766
-336.057
-316.776
-379.279
-477.325
-574.364
-637.096
-613.378
-519.384
-476.353
-333.899
-45.4521
122.244
288.98
402.726
339.54
209.791
109.285
-5.75793
86.7156
168.368
244.547
198.299
86.9881
-25.1475
-52.0368
48.1125
-81.309
-173.807
-242.671
-86.5022
-0.904944
83.9391
153.02
183.291
241.658
205.413
210.99
178.519
125.895
152.599
201.756
216.288
169.041
237.101
297.594
267.754
216.797
119.637
-62.9813
-168.07
-134.641
-52.232
-16.4683
-3.95
-4.92209
12.1008
1.94565
-24.3478
-20.8018
12.9154
556.712
527.608
495.789
420.1
432.677
424.621
370.483
173.538
108.967
8.23052
-12.4267
46.1572
45.0158
-21.779
-98.6125
-98.3062
-135.052
-118.208
-185.048
-265.564
-313.527
-307.261
-253.737
-409.476
-465.182
-548.968
-574.203
-556.7
-513.697
-468.677
-359.301
-211.746
15.8844
224.215
398.347
345.497
219.405
134.377
83.1992
127.459
197.198
286.605
268.358
177.505
10.0033
-0.335046
-58.4943
-130.269
-220.484
-206.178
-129.055
-3.49728
114.793
182.653
238.639
257.926
201.452
226.576
128.88
49.0904
59.8088
85.2206
208.773
196.819
230.117
301.757
254.845
118.039
4.45104
-187.293
-244.809
-201.947
-128.399
32.3166
50.7599
81.3512
12.8832
-15.8825
35.5512
-17.8033
13.5507
643.21
627.738
603.168
480.199
589.486
554.233
404.822
263.396
110.957
19.4499
44.9315
39.3177
45.8782
26.3931
-83.1949
-51.2771
-79.2072
-83.8648
-177.168
-258.643
-316.955
-306.221
-226.973
-373.737
-418.188
-489.822
-544.746
-502.247
-429.912
-405.399
-308.468
-263.56
-90.0288
89.1338
267.959
247.994
276.599
247.086
212.031
213.872
239.539
206.051
218.564
176.333
39.5579
-31.4592
-16.6118
-124.3
-137.721
-187.502
-137.731
-2.62504
103.067
156.36
266.523
208.636
125.839
197.279
148.355
133.675
92.4196
132.455
157.887
125.647
163.644
213.261
174.914
36.9002
-146.266
-275.956
-242
-155.899
-84.5521
0.256787
39.8026
46.0996
13.8564
2.32077
5.09575
17.5155
-5.70756
602.606
652.779
637.606
665.069
789.625
678.091
460.576
306.829
104.108
40.131
44.1137
53.3272
74.764
82.2988
31.2122
-29.8512
-79.5696
-129.197
-238.807
-219.555
-270.522
-272.954
-211.55
-236.654
-368.891
-406.479
-528.961
-544.309
-418.934
-375.665
-289.855
-314.982
-166.675
-23.8523
109.954
205.57
324.184
270.985
266.103
186.232
166.449
219.102
299.313
239.83
131.729
5.7248
-100.399
-180.491
-193.681
-98.7143
-21.0615
12.3585
44.9807
35.2105
132.365
173.193
93.8168
129.478
129.361
132.447
135.792
141.151
100.955
36.1319
104.527
191.343
160.528
126.57
-34.5139
-172.393
-205.655
-99.8431
71.4182
107.6
1.3862
-9.73879
-38.2933
-123.589
-55.019
-100.876
-56.7701
607.831
751.525
880.162
933.658
913.485
808.535
527.932
417.905
191.867
-1.37479
-59.8631
40.6351
101.417
152.525
146.805
57.0284
-32.0642
-162.467
-182.785
-184.571
-191.034
-193.122
-200.169
-223.614
-376.513
-509.243
-587.988
-549.864
-436.905
-328.853
-303.876
-205.081
-196.495
-85.3828
-46.301
143.908
329.313
405.695
315.907
188.17
159.154
171.402
231.931
193.681
81.9989
6.81392
-165.393
-358.119
-355.958
-227.987
-71.3591
-12.9559
41.8529
-26.8031
10.9753
63.1991
81.3802
98.8109
138.835
126.458
195.209
197.005
136.913
68.2845
15.869
136.234
103.877
56.0323
37.2147
-54.6253
-30.8138
99.9281
166.718
159.998
106.027
-18.6099
-96.9223
-101.576
-189.583
-279.854
-204.904
619.908
855.097
1027.52
991.964
934.314
839.913
584.545
468.798
309.605
66.045
-101.714
44.2694
143.366
209.443
310.492
156.416
19.7085
-134.368
-93.8923
-116.244
-74.1864
-146.779
-186.743
-236.174
-365.35
-478.925
-588.06
-565.151
-413.689
-270.004
-208.559
-99.2485
-93.6514
-68.9389
-60.222
120.026
341.153
426.229
347.461
237.275
236.703
178.234
96.0108
17.3792
-53.2887
-96.4902
-324.657
-517.309
-393.797
-270.629
-200.568
-10.4957
14.7265
-32.147
-0.352916
38.9672
102.451
61.1105
176.036
165.307
202.993
179.77
83.3046
-15.6315
-80.9332
-14.4513
62.4868
48.4793
109.525
56.1239
87.9095
211.882
282.032
276.18
127.728
121.952
38.1741
-104.667
-237.179
-385.632
-382.37
596.267
819.014
919.279
971.967
948.623
892.078
664.479
543.019
471.946
281.505
143.745
194.419
190.541
276.997
334.289
250.408
68.2861
10.2728
-66.6512
-11.5851
-12.6433
-105.97
-167.702
-236.363
-276.323
-389.609
-458.797
-449.188
-397.062
-268.849
-137.802
-10.6595
-27.0718
-53.1939
13.086
145.53
336.647
331.117
256.802
186.354
169.788
156.362
63.8705
-76.2885
-166.564
-207.164
-332.892
-516.645
-454.825
-371.929
-247.458
-170.02
4.3251
-15.5751
-11.2373
13.2612
53.4486
47.7276
114.409
173.148
195.391
140.496
9.20287
-28.8653
-68.5767
-10.6203
4.56346
123.11
233.453
197.33
226.359
313.211
343.217
296.187
220.875
118.156
10.0066
-171.311
-253.625
-346.4
-417.395
551.415
734.628
850.068
876.112
945.104
944.048
732.951
584.57
534.026
453.884
347.069
310.204
352.06
336.447
308.989
200.445
166.637
173.815
77.3125
135.531
109.076
19.7481
-98.9326
-134.163
-229.264
-304.235
-413.614
-384.562
-281.35
-106.381
-114.653
33.6063
78.3131
120.014
161.563
289.706
338.068
317.102
208.584
144.547
184.064
216.806
116.042
-54.1048
-148.61
-152.33
-288.979
-412.974
-452.727
-318.18
-250.048
-229.448
-184.861
-91.2535
-107.315
-86.5469
-16.2257
-32.6169
25.909
81.9198
119.751
68.9248
-1.93049
9.14369
-13.4497
11.6499
23.2993
217.753
377.963
394.532
407.838
359.772
361.259
267.976
210.445
154.2
31.6663
-145.561
-278.576
-368.24
-444.287
559.184
738.642
856.116
835.13
828.196
831.265
741.646
661.086
667.248
579.282
521.239
505.569
552.495
466.486
391.832
299.11
299.174
240.274
251.038
198.253
221.764
71.2005
-58.6658
-155.015
-272.35
-317.397
-377.442
-338.755
-161.35
4.29039
47.9037
91.0055
106.51
128.004
190.486
297.163
321.383
298.816
251.982
183.858
158.484
229.812
95.7787
-0.368945
-62.0392
-173.416
-321.885
-424.135
-365.896
-229.521
-249.074
-304.035
-270.481
-157.629
-114.017
-83.6961
-28.2785
-25.9462
-38.8687
-8.84647
16.7935
14.8616
109.297
67.5313
100.765
114.476
87.7532
285.51
455.956
531.314
463.291
332.995
243.989
221.518
143.535
123.473
60.3674
-59.5591
-165.827
-334.943
-453.947
506.832
655.674
762.876
712.689
731.937
709.125
747.948
712.254
656.241
632.559
653.632
722.382
669.603
586.151
436.052
411.877
422.695
399.97
354.597
289.818
196.462
70.8761
56.4672
-182.991
-269.74
-219.558
-271.427
-294.854
-180.705
-100.743
5.29939
42.5999
108.332
182.548
193.919
268.262
249.302
304.08
269.485
264.215
192.031
118.005
21.2734
-87.0641
-202.476
-208.676
-308.677
-373.018
-335.886
-296.575
-285.144
-300.197
-219.59
-155.794
-136.58
-69.0428
0.0435478
37.0142
-35.1695
-74.2109
-75.9878
24.4214
77.8171
21.6883
20.7778
74.0982
228.354
356.213
393.462
497.865
385.311
170.468
89.7041
92.8815
112.079
122.46
127.407
0.176188
-141.927
-288.062
-408.551
482.646
520.223
549.49
626.255
666.339
686.803
723.798
645.952
557.216
606.276
634.453
677.333
657.141
572.799
466.235
466.035
444.878
515.157
437.914
429.085
289.654
167.534
11.3078
-160.676
-273.355
-264.481
-308.115
-337.46
-269.385
-153.136
-62.3571
35.0669
132.598
144.867
246.617
271.245
260.192
329.114
331.681
258.722
205.042
149.043
35.9832
-188.09
-262.293
-308.463
-292.109
-300.503
-360.519
-270.509
-304.828
-261.301
-112.106
-42.8864
-46.7754
3.76648
2.84819
71.8826
41.9553
-39.3974
-30.0074
59.7576
96.7768
115.77
60.782
105.293
236.324
321.708
414.166
506.544
368.083
252.171
107.007
57.3614
37.3337
26.2782
-21.8279
-68.6068
-190.394
-290.021
-251.878
388.629
416.695
410.522
503.156
569.701
620.396
651.903
640.207
605.91
564.766
582.471
673.495
556.019
507.21
375.588
376.959
518.139
521.958
552.833
467.581
370.732
188.763
49.5107
-112.091
-246.354
-295.882
-323.229
-306.391
-270.377
-190.961
-89.8204
-0.734856
121.678
152.555
265.593
319.336
337.126
337.503
348.143
283.02
122.435
6.75696
-75.1395
-154.245
-230.21
-295.388
-262.252
-212.105
-285.67
-268.274
-157.622
-155.134
-53.1783
-9.2175
19.9482
59.8077
21.8645
34.2582
93.1528
75.0866
60.5423
221.004
153.736
227.792
239.102
275.294
413.532
465.235
526.412
457.522
412.781
270.139
159.075
64.5503
43.8573
-70.3282
-62.6658
4.39284
-75.063
-113.188
-125.435
331.16
334.348
320.871
385.433
461.88
424.097
490.23
467.225
511.441
458.08
529.309
524.118
510.778
418.988
382.271
365.099
436.375
525.936
609.192
477.306
387.49
240.184
65.388
-97.0506
-150.683
-188.204
-201.989
-142.554
-194.482
-172.573
-115.257
-36.0676
60.8979
149.923
175.54
318.59
392.044
353.322
308.257
220.261
-25.8424
-98.7676
-182.038
-221.491
-301.547
-285.254
-213.832
-157.427
-268.852
-194.46
-16.2353
3.68514
129.254
193.745
150.184
186.983
190.898
142.491
172.572
226.398
270.094
373.39
401.482
387.136
440.789
476.096
580.889
597.464
546.186
484.301
454.604
366.988
244.791
154.597
64.6569
-37.5536
-63.926
108.177
108.297
44.0723
-15.9989
289.893
266.734
195.381
173.221
217.443
225.548
271.816
316.668
377.109
395.296
422.894
377.577
408.763
393.405
403.331
444.032
429.682
553.657
545.93
495.46
384.244
239.076
88.9795
15.4487
-32.6106
-106.068
-80.2327
-83.8937
-107.451
-167.901
-132.669
-76.6357
17.2784
151.255
254.841
325.694
409.515
395.323
248.522
92.5871
-11.6176
-69.3729
-231.588
-335.465
-296.701
-290.721
-222.986
-213.844
-274.877
-163.647
27.9086
130.917
183.264
233.073
263.903
308.438
365.434
374.71
379.64
406.963
474.088
588.733
546.327
479.195
488.461
591.202
660.511
652.806
579.468
522.846
528.131
477.034
294.586
203.116
155.225
79.9159
92.7691
220.761
242.235
133.925
57.4017
229.714
166.795
83.2539
-26.9439
60.2987
112.202
104.867
133.104
213.242
202.799
265.559
230.034
298.765
396.34
482.263
464.345
490.873
559.294
489.851
422.757
374.957
201.835
104.041
79.9923
87.5788
38.4269
-13.8397
-30.8004
-15.8452
-151.987
-159.188
-89.7459
-17.6175
62.1974
304.745
378.84
385.018
357.569
202.854
24.8041
-65.9607
-73.0753
-70.0206
-184.57
-132.433
-203.288
-198.994
-219.579
-324.155
-206.84
-31.7381
132.6
253.422
280.856
299.85
383.833
397.12
489.622
434.659
521.882
595.653
730.146
728.529
638.851
623.576
662.757
707.462
738.201
629.135
619.478
651.021
583.446
393.332
300.444
197.3
104.931
212.178
361.497
340.219
260.098
142.153
129.247
86.1109
36.3615
-26.573
17.6192
36.1323
-7.62797
98.6438
193.104
152.564
204.252
207.259
218.434
391.121
442.587
368.383
490.874
538.04
470.61
371.226
297.429
293.634
252.244
150.373
167.874
185.263
158.816
60.8049
57.9999
-31.8599
-94.1554
-68.9375
-17.9103
59.5908
191.928
203.239
266.5
191.692
125.922
-5.44772
-117.234
-123.76
-29.8367
-50.4191
-113.344
-212.423
-282.527
-246.979
-300.501
-217.87
-44.0592
116.178
205.492
266.397
393.929
418.386
401.999
419.33
423.566
441.279
563.231
670.173
722.99
722.828
647.719
629.38
717.351
676.689
603.822
677.698
757.49
701.071
499.534
374.079
310.029
249.973
306.868
403.215
387.194
299.218
136.195
138.289
86.5416
62.1604
-54.7535
23.3892
8.49226
33.4185
35.5312
209.958
246.182
275.174
314.299
269.224
358.136
440.272
393.739
398.068
411.625
466.189
338.454
296.317
341.115
224.185
234.957
238.917
266.075
211.329
110.834
76.7187
49.966
32.5374
-37.5929
19.9987
86.068
60.1951
82.6736
146.373
64.1561
-93.3969
-98.5499
-220.206
-264.239
-166.101
-9.08512
-144.341
-249.242
-261.777
-256.371
-299.758
-248.363
-97.6569
18.1469
233.917
443.204
412.265
541.137
528.389
515.629
452.096
466.213
487.365
572.346
607.834
626.775
631.581
693.143
642.09
631.377
605.421
728.847
791.575
745.204
676.961
554.542
515.858
442.909
394.767
464.519
357.69
318.944
225.881
243.407
119.417
34.66
22.9835
62.0104
-11.8547
4.09998
34.7928
219.562
237.243
249.678
387.892
347.914
377.233
398.524
311.003
284.511
298.54
334.884
333.538
234.551
243.529
164.017
177.029
211.981
254.071
218.195
144.233
94.979
35.2565
-23.5445
8.15268
-24.3395
54.3906
-20.3842
-12.3477
1.61648
-106.48
-182.538
-216.115
-349.145
-353.194
-227.062
-108.659
-92.8894
-182.931
-184.217
-160.434
-164.741
-143.315
1.28404
134.884
309.167
531.68
576.636
684.258
641.499
560.833
440.139
433.063
438.453
504.98
515.736
603.411
603.288
605.838
566.512
602.7
637.503
784.86
899.396
830.487
747.545
752.385
674.94
524.128
489.258
478.483
356.137
293.138
238.58
354.15
286.071
198.005
146.845
132.758
98.0825
143.422
118.542
167.376
234.856
350.637
373.073
370.328
365.069
292.147
252.068
168.402
134.504
177.687
202.513
215.168
162.535
228.123
183.779
207.86
154.017
80.4582
86.2517
51.9727
39.6223
46.8896
50.641
44.253
34.3995
20.8556
-26.2055
-100.642
-174.989
-166.844
-281.318
-417.955
-372.037
-229.065
-193.384
-175.873
-213.428
-196.932
-137.845
-112.736
-33.5627
24.0325
159.379
385.067
502.272
590.911
707.959
684.977
558.565
419.425
436.214
376.622
413.214
441.698
459.728
498.551
535.143
528.499
632.294
704.933
829.802
879.037
902.5
835.259
789.217
702.308
573.671
552.742
508.538
433.526
323.464
250.34
470.843
423.379
311.342
262.76
221.674
179.473
193.465
249.046
256.708
294.745
292.367
299.765
294.783
264.691
218.492
238.512
129.162
65.2833
80.5822
129.913
169.769
231.202
277.496
251.595
146.37
57.4798
-8.89956
29.0594
-2.63534
17.1926
19.4908
12.2505
5.16299
24.3542
124.377
87.6087
28.9406
-122.682
-138.158
-215.735
-309.77
-290.093
-247.694
-273.962
-221.379
-156.168
-206.136
-201.964
41.6972
98.1948
100.123
218.636
383.656
465.748
588.461
661.84
585.932
437.214
431.497
436.627
380.718
445.102
456.511
449.143
516.122
552.048
601.118
653.115
713.647
790.692
955.114
980.402
902.873
785.038
709.931
647.965
665.158
637.004
430.677
298.058
181.71
369.178
398.025
395.952
326.461
295.752
308.339
254.545
304.334
448.427
415.399
314.471
270.055
282.132
215.614
229.455
245.792
111.904
71.6133
57.3701
141.837
152.817
194.921
224.734
120.993
71.6411
6.66343
25.4746
-24.0444
57.1305
90.5261
1.18878
-8.288
-8.61947
60.1159
140.648
83.4001
44.1203
-97.357
-189.071
-300.686
-320.389
-333.826
-324.401
-389.883
-335.014
-192.372
-235.355
-116.605
101.973
162.511
158.64
243.883
414.206
483.135
558.247
532.681
518.031
535.784
498.596
459.247
440.746
462.425
475.601
509.941
561.249
562.757
643.16
650.724
704.72
854.285
959.142
993.663
833.003
803.649
780.532
781.9
689.947
607.134
412.25
259.996
163.917
341.446
374.337
361.758
340.445
344.073
347.659
370.379
337.783
471.181
375.996
294.575
227.933
257.09
244.995
222.702
249.364
171.403
142.502
141.68
152.686
121.389
134.682
155.549
63.4736
39.8812
44.9706
57.5166
147.014
251.445
253.166
102.223
64.5875
97.4239
72.4817
64.9817
23.1378
-21.5057
-69.6699
-220.679
-321.559
-302.449
-271.401
-277.978
-292.416
-319.141
-185.013
-156.514
-33.2673
208.639
222.167
236.746
390.775
408.725
533.762
493.162
519.225
499.794
512.255
484.506
447.014
437.791
450.205
503.758
512.057
533.93
571.958
615.995
591.906
650.882
826.225
963.5
1020.96
886.281
839.661
813.027
719.604
643.174
560.345
437.1
316.87
273.969
280.054
407.447
392.597
394.069
350.898
314.045
418.908
352.414
387.921
308.568
208.836
164.853
204.047
207.475
212.491
324.029
222.54
209.136
168.609
164.77
162.983
60.6225
114.039
126.211
124.091
136.161
110.852
197.936
305.056
318.726
227.925
232.88
203.929
122.402
71.87
36.9451
-19.3499
-60.4334
-161.604
-259.361
-261.556
-267.968
-224.136
-251.169
-281.677
-159.912
-28.7445
101.837
324.082
348.88
381.05
463.282
527.192
537.919
565.523
587.653
577.912
427.203
406.599
398.19
396.829
518.903
525.512
617.778
616.803
585.085
559.184
643.059
707.208
787.864
970.603
977.777
851.126
787.639
834.274
816.557
677.585
527.95
419.067
364.622
375.555
281.676
353.491
422.316
439.905
406.328
379.898
415.738
413.116
408.238
261.772
208.294
137.735
147.865
192.275
328
441.999
344.738
259.228
176.217
115.018
103.749
-34.3363
26.7813
108.505
180.565
173.696
184.933
270.468
366.365
339.294
321.34
280.537
204.05
71.772
19.4211
-2.07961
-89.1763
-105.841
-135.351
-170.735
-199.745
-235.446
-270.068
-241.428
-264.712
-84.9693
90.5603
230.527
403.47
505.065
549.585
530.516
528.602
590.293
522.938
479.035
470.074
376.937
324.483
324.322
388.465
570.387
683.328
672.523
695.121
757.22
796.349
807.511
771.552
789.901
850.335
867.491
804.472
823.671
853.251
763.304
663.338
519.872
460.541
390.829
394.251
229.865
333.319
418.217
404.877
390.069
462.895
493.216
444.383
392.144
285.042
323.324
192.798
194.276
324.616
479.341
466.221
322.425
276.857
166.998
134.094
76.8429
-0.611569
-52.3483
60.7188
214.02
299.557
303.682
277.093
353.209
350.138
326.133
265.713
152.173
69.7984
-55.6775
-49.3678
-84.3153
-115.65
-88.5048
-119.04
-162.205
-206.52
-230.596
-298.329
-258.965
-13.9927
164.032
425.351
573.9
661.993
654.518
568.738
508.028
465.181
356.155
392.181
467.349
406.322
283.342
366.315
447.032
550.346
607.159
743.116
731.389
852.008
822.188
846.536
713.267
737.926
776.123
772.064
800.847
823.62
784.773
670.613
539.243
505.983
489.581
473.667
382.285
202.368
300.305
292.236
296.635
385.905
456.828
469.592
464.235
393.688
314.127
270.76
246.955
168.626
332.539
473.593
531.599
318.065
225.361
164.857
76.5794
-83.9134
-25.8189
10.4702
162.839
300.586
370.768
361.498
279.961
247.889
354.713
374.572
315.716
289.741
104.407
45.2737
12.3735
-39.626
-2.93854
41.8892
-102.722
-271.5
-242.818
-241.011
-308.987
-195.961
63.6221
246.082
495.151
623.366
651.45
548.129
453.399
414.291
311.24
308.767
343.698
399.377
310.158
314.616
378.805
461.869
513.806
529.605
544.355
608.999
718.838
754.876
768.038
715.854
738.691
796.489
832.963
838.068
816.067
641.209
537.94
510.405
493.527
482.667
443.963
362.178
196.341
172.575
207.73
225.124
254.165
362.844
389.248
381.825
326.201
297.539
254.724
239.662
198.883
308.603
376.136
385.903
246.687
196.802
143.906
25.7459
-25.2371
33.6338
124.993
250.958
342.893
393.769
356.753
280.286
223.65
275.473
374.654
363.889
244.867
90.5759
111.545
145.295
105.381
120.493
123.083
44.8872
-83.0253
-129.653
-113.352
-113.391
-31.533
120.111
286.702
484.096
545.538
566.397
486.45
441.092
375.19
311.555
283.208
301.234
302.855
264.117
349.681
340.57
437.36
547.884
541.915
543.445
522.944
622.448
709.78
755.474
767.305
751.096
770.194
857.92
768.842
744.689
670.054
578.884
606.205
534.459
494.049
467.404
342.994
89.2046
91.6434
95.9813
100.995
106.554
231.848
241.682
182.875
137.895
187.376
230.996
258.5
213.375
213.787
301.339
338.168
225.557
220.167
160.408
-10.0401
62.2673
89.5476
178.852
292.89
415.484
406.201
299.757
330.529
341.791
348.133
376.957
293.578
311.979
225.522
252.071
308.443
330.485
255.848
209.432
171.871
106.468
39.985
78.116
117.887
156.403
216.478
346.841
524.926
511.27
546.27
440.038
382.868
435.489
352.274
402.003
324.615
321.47
339.052
387.212
383.045
534.753
574.115
674.272
571.087
522.059
635.39
718.238
796.94
808.319
844.183
867.73
735.906
688.508
765.429
762.678
790.617
681.527
602.038
514.371
501.859
464.673
164.712
117.479
74.7994
24.1018
16.2239
118.57
92.2425
64.9249
130.88
87.9383
195.067
259.841
217.504
286.082
290.268
328.9
299.662
236.796
158.157
96.4918
180.295
212.042
269.238
431.533
520.141
502.311
457.865
465.471
390.633
329.536
435.508
408.901
353.615
380.603
334.957
369.094
343.714
312.923
268.325
273.279
175.312
150.005
154.373
248.059
260.92
371.483
288.499
355.124
405.008
557.321
470.254
442.072
401.675
437.547
380.126
346.071
407.829
524.513
502.956
539.207
618.939
680.681
703.686
609.326
602.32
721.858
725.754
754.314
761.433
763.744
831.162
756.879
697.628
779.778
737.284
786.677
756.336
677.027
598.993
575.751
629.062
124.624
108.021
32.3552
87.347
13.4676
101.925
192.885
156.733
141.899
103.181
176.518
297.186
310.458
384.148
426.687
431.842
384.841
331.471
243.036
176.923
151.388
216.663
354.41
520.855
552.395
550.867
507.651
500.466
490.198
476.797
524.145
543.63
467.467
426.776
369.519
354.911
294.955
297.45
269.665
283.935
207.536
201.353
255.132
363.353
365.105
426.204
369.073
342.015
443.579
557.643
606.553
514.088
397.5
390.821
469.864
521.863
478.561
524.556
631.125
569.289
656.729
705.067
755.651
747.527
735.298
771.412
801.391
748.155
704.873
726.944
782.491
746.19
699.701
677.79
673.762
738.007
736.139
745.526
668.118
630.996
641.774
